1 1 1 1 1 1 1 1 1 
1 1 1 1 1 1 1 1 1 
1 1 1 1 1 1 1 1 1 
1 1 1 1 1 1 1 1 1 
1 1 1 1 1 1 1 1 1 
1 0.996078 1 0.946407 0.262804 0 0.414445 1 0.988235 
1 1 1 1 1 1 1 1 1 
1 1 1 1 1 1 1 1 1 
1 1 1 1 1 1 1 1 1 
1 1 1 1 1 1 1 1 1 
1 1 1 1 1 1 1 1 1 
1 1 1 1 1 1 1 1 1 
1 1 1 1 1 1 1 1 1 
1 1 1 1 1 1 1 1 1 
1 1 1 1 1 1 1 1 1 
1 1 1 1 1 1 1 1 1 
1 1 0.988235 1 0.647154 0.0520747 0.425654 0.206346 0.929561 
1 0.988235 0.996078 1 1 1 1 1 1 
1 1 1 1 1 1 1 1 1 
1 1 1 1 1 1 1 1 1 
1 1 1 1 1 1 1 1 1 
1 1 1 1 1 1 1 1 1 
1 1 1 1 1 1 1 1 1 
1 1 1 1 1 1 1 1 1 
1 1 1 1 1 1 1 1 1 
1 1 1 1 1 1 1 1 1 
1 1 1 1 1 1 1 1 1 
0.996078 0.992157 0.988235 0.981701 1 0.525017 0.183394 0.57743 0.414346 
0.409968 0.832811 1 0.994773 0.988235 1 1 1 1 
1 1 1 1 1 1 1 1 1 
1 1 1 1 1 1 1 1 1 
1 1 1 1 1 1 1 1 1 
1 1 1 1 1 1 1 1 1 
1 1 1 1 1 1 1 1 1 
1 1 1 1 1 1 1 1 1 
1 1 1 1 1 1 1 1 1 
1 1 1 1 1 1 1 1 1 
1 1 1 1 1 1 1 1 0.992157 
0.988235 1 1 1 0.992157 1 0.399121 0.287543 0.577461 
0.513965 0.165281 0.137367 0.52204 0.97778 1 0.992157 0.988235 1 
1 1 1 1 1 1 1 1 1 
1 1 1 1 1 1 1 1 1 
1 1 1 1 1 1 1 1 1 
1 1 1 1 1 1 1 1 1 
1 1 1 1 1 1 1 1 1 
1 1 1 1 1 1 1 1 1 
1 1 1 1 1 1 1 1 1 
1 1 1 1 1 1 1 1 1 
1 1 1 1 1 1 1 0.992157 0.993466 
1 1 0.949165 0.817711 0.567066 0.338211 0.193526 0.0144974 0.33509 
0.57735 0.523016 0.409837 0.545657 0.167545 0.255314 0.737589 1 1 
0.996078 0.992157 1 1 1 1 1 1 1 
1 1 1 1 1 1 1 1 1 
1 1 1 1 1 1 1 1 1 
1 1 1 1 1 1 1 1 1 
1 1 1 1 1 1 1 1 1 
1 1 1 1 1 1 1 1 1 
1 1 1 1 1 1 1 1 1 
1 1 1 1 1 1 1 1 1 
1 1 1 1 1 1 0.996078 0.989544 1 
1 0.825243 0.524743 0.261601 0.291957 0.305656 0.357731 0.477729 0.353203 
0.305656 0.489133 0.486786 0.219655 0.305899 0.523056 0.344146 0.148036 0.330724 
0.757188 0.988235 1 0.996078 0.989544 0.992157 1 1 1 
1 1 1 1 1 1 1 1 1 
1 1 1 1 1 1 1 1 1 
1 1 1 1 1 1 1 1 1 
1 1 1 1 1 1 1 1 1 
1 1 1 1 1 1 1 1 1 
1 1 1 1 1 1 1 1 1 
1 1 1 1 1 1 1 1 1 
1 1 1 1 1 1 0.996078 0.990851 1 
0.868212 0.407931 0.20328 0.321505 0.461886 0.373826 0.339844 0.425925 0.340409 
0.431705 0.50037 0.221433 0.250582 0.272194 0.550181 0.262521 0.313627 0.482268 
0.359995 0.116816 0.322881 0.792552 0.998695 0.997387 1 0.992157 0.988235 
0.996078 1 1 1 1 1 1 1 1 
1 1 1 1 1 1 1 1 1 
1 1 1 1 1 1 1 1 1 
1 1 1 1 1 1 1 1 1 
1 1 1 1 1 1 1 1 1 
1 1 1 1 1 1 1 1 1 
1 1 1 1 1 1 1 1 1 
1 1 1 1 1 1 0.996078 0.997387 0.98693 
0.659197 0.237571 0.403013 0.466414 0.31863 0.4359 0.493661 0.572827 0.57735 
0.57735 0.530041 0.434734 0.471312 0.427918 0.283015 0.246664 0.199461 0.0912415 
0.10326 0.183645 0.210575 0.289807 0.296288 0.398729 0.631405 0.848767 1 
0.996078 1 0.989544 0.996078 1 1 1 1 1 
1 1 1 1 1 1 1 1 1 
1 1 1 1 1 1 1 1 1 
1 1 1 1 1 1 1 1 1 
1 1 1 1 1 1 1 1 1 
1 1 1 1 1 1 1 1 1 
1 1 1 1 1 1 1 1 1 
1 1 1 1 1 1 0.996078 1 0.935977 
0.358604 0.255885 0.477734 0.361615 0.489244 0.301128 0.532068 0.577359 0.575091 
0.577479 0.489102 0.366794 0.251317 0.206035 0.0935166 0.233479 0.426021 0.455803 
0.450514 0.425582 0.301485 0.117494 0.107778 0.238002 0.296608 0.321505 0.263933 
0.496152 0.711611 0.946483 1 0.998695 0.993466 0.985623 0.988235 0.996078 
1 1 1 1 1 1 1 1 1 
1 1 1 1 1 1 1 1 1 
1 1 1 1 1 1 1 1 1 
1 1 1 1 1 1 1 1 1 
1 1 1 1 1 1 1 1 1 
1 1 1 1 1 1 1 1 1 
1 1 1 1 1 1 0.998695 0.990857 1 
0.513735 0.305656 0.518528 0.307862 0.665254 0.816497 0.797291 0.536348 0.29265 
0.387813 0.350938 0.0273575 0.0081634 0.00715977 0.0115448 0.336837 0.575269 0.56906 
0.596873 0.610905 0.563984 0.524734 0.492106 0.290117 0.337597 0.49134 0.307554 
0.224867 0.3034 0.215091 0.238701 0.579088 0.903576 0.998695 0.998695 1 
1 0.996078 0.989544 0.992157 0.996078 1 1 1 1 
1 1 1 1 1 1 1 1 1 
1 1 1 1 1 1 1 1 1 
1 1 1 1 1 1 1 1 1 
1 1 1 1 1 1 1 1 1 
1 1 1 1 1 1 1 1 1 
1 1 1 1 1 1 0.996078 0.990857 1 
0.604032 0.416709 0.455471 0.407548 0.736559 0.816497 0.805291 0.813307 0.816497 
0.800487 0.659617 0.288211 0 0.00679236 0.00679236 0.29691 0.600021 0.619782 
0.649096 0.637923 0.618933 0.630975 0.640029 0.589702 0.572656 0.286615 0.484521 
0.577372 0.550199 0.40265 0.294004 0.197693 0.221884 0.298881 0.440661 0.593674 
0.703664 0.903576 0.992172 1 1 1 0.990857 0.985623 0.988235 
0.992157 0.996078 0.996078 1 1 1 1 1 1 
1 1 1 1 1 1 1 1 1 
1 1 1 1 1 1 1 1 1 
1 1 1 1 1 1 1 1 1 
1 1 1 1 1 1 1 1 1 
1 1 1 1 1 1 1 0.98824 1 
0.761518 0.451946 0.441503 0.490165 0.816497 0.811708 0.810093 0.816497 0.813295 
0.806894 0.813323 0.8165 0.802093 0.600372 0.224342 0.099544 0.595687 0.646004 
0.648052 0.451963 0.341409 0.46326 0.405024 0.424865 0.607548 0.649143 0.533646 
0.179965 0.572822 0.577426 0.575086 0.57735 0.556992 0.403585 0.226796 0.22862 
0.242261 0.203771 0.202775 0.36472 0.593476 0.79839 0.95076 1 1 
1 1 1 1 0.993466 0.992157 0.988235 0.988235 0.992157 
0.992157 0.996078 0.996078 0.996078 1 1 1 1 1 
1 1 1 1 1 1 1 1 1 
1 1 1 1 1 1 1 1 1 
1 1 1 1 1 1 1 1 1 
1 1 1 1 1 1 0.996078 0.985623 1 
0.602685 0.465165 0.333103 0.547636 0.816497 0.810099 0.813295 0.816497 0.816497 
0.816497 0.816497 0.813295 0.810093 0.802089 0.816497 0.422669 0.396919 0.650118 
0.628842 0.338264 0.375448 0.758983 0.875192 0.840735 0.63071 0.318082 0.588344 
0.641022 0.306092 0.416598 0.577372 0.56377 0.570576 0.577355 0.57735 0.577368 
0.525319 0.410362 0.298194 0.194161 0.22193 0.298864 0.291113 0.37106 0.464608 
0.60269 0.724447 0.801834 0.936262 0.986982 1 1 1 1 
1 1 1 1 1 0.993466 0.985623 0.989544 0.993466 
0.996078 0.996078 1 1 1 1 1 1 1 
1 1 1 1 1 1 1 1 1 
1 1 1 1 1 1 1 1 1 
1 1 1 1 1 1 0.996078 0.992157 1 
0.618668 0.341642 0.39111 0.474207 0.816509 0.805295 0.810093 0.816497 0.816497 
0.816497 0.816497 0.816497 0.816497 0.816497 0.816497 0.792522 0.35058 0.597744 
0.652216 0.383947 0.364305 0.898995 0.890565 0.870886 0.870308 0.922747 0.539716 
0.214948 0.650216 0.474261 0.211353 0.577355 0.566052 0.575086 0.575086 0.570562 
0.575104 0.577355 0.57735 0.57735 0.561506 0.470986 0.35126 0.283594 0.330104 
0.321537 0.421126 0.33509 0.257095 0.277685 0.316629 0.412001 0.452348 0.585983 
0.718703 0.755161 0.744757 0.873703 0.933537 0.932209 0.992172 1 1 
1 1 0.996078 0.992157 1 1 1 1 1 
1 1 1 1 1 1 1 1 1 
1 1 1 1 1 1 1 1 1 
1 1 1 1 1 1 0.996078 0.992157 1 
0.586621 0.197732 0.268018 0.268639 0.710832 0.816497 0.814897 0.816509 0.813307 
0.806894 0.810093 0.813295 0.816497 0.816497 0.811695 0.816497 0.704545 0.34658 
0.64299 0.640025 0.337574 0.800813 0.885716 0.865299 0.875875 0.871983 0.871983 
0.883096 0.265095 0.466018 0.638967 0.105446 0.491314 0.577372 0.570639 0.570594 
0.572822 0.575086 0.575086 0.570562 0.570576 0.577368 0.577355 0.57735 0.577355 
0.568312 0.493744 0.386137 0.31776 0.234126 0.295483 0.333449 0.303392 0.337354 
0.359995 0.328367 0.353464 0.348887 0.28065 0.200128 0.19205 0.370825 0.55689 
0.688069 0.86444 0.932116 0.985623 1 0.992157 1 1 1 
1 1 1 1 1 1 1 1 1 
1 1 1 1 1 1 1 1 1 
1 1 1 1 1 1 0.998695 0.989544 1 
0.570306 0.212827 0.256196 0.405461 0.495842 0.34278 0.378535 0.640405 0.758862 
0.816497 0.816497 0.816509 0.816509 0.810093 0.810093 0.803689 0.816497 0.597337 
0.369579 0.653303 0.550148 0.463431 0.897485 0.869587 0.875875 0.875875 0.875875 
0.868091 0.898085 0.659776 0.298125 0.653268 0.272382 0.177975 0.388248 0.561501 
0.57735 0.577359 0.575166 0.570594 0.572822 0.575086 0.575086 0.572822 0.570562 
0.575104 0.577368 0.57735 0.575086 0.57735 0.466414 0.332856 0.283829 0.175582 
0.169522 0.302825 0.324623 0.371819 0.437262 0.430183 0.477729 0.509427 0.470937 
0.3849 0.316977 0.34387 0.221976 0.316596 0.818403 1 1 1 
1 1 1 1 1 1 1 1 1 
1 1 1 1 1 1 1 1 1 
1 1 1 1 1 1 1 0.989544 1 
0.595816 0.269668 0.394126 0.360137 0.57735 0.572844 0.57735 0.568294 0.473374 
0.334247 0.294457 0.493287 0.662803 0.797285 0.816509 0.816497 0.806891 0.816497 
0.442054 0.310118 0.658656 0.473136 0.500058 0.903897 0.868091 0.875875 0.875875 
0.875875 0.874776 0.876079 0.860892 0.342212 0.641006 0.372755 0.488431 0.667608 
0.352527 0.361664 0.491314 0.56603 0.57735 0.577359 0.577386 0.575166 0.570639 
0.570594 0.570567 0.572827 0.56603 0.577355 0.475513 0.0525158 0.00452824 0.0137721 
0.0158488 0.0226412 0.0973571 0.151696 0.292071 0.498106 0.495868 0.500421 0.361416 
0.20505 0.234923 0.480063 0.575086 0.545662 0.312448 0.11675 0.576497 1 
1 1 1 1 1 1 1 1 1 
1 1 1 1 1 1 1 1 1 
1 1 1 1 1 1 1 0.989544 1 
0.511776 0.226876 0.35582 0.390657 0.57735 0.570576 0.572822 0.570567 0.575122 
0.577359 0.57735 0.552445 0.455088 0.381717 0.377185 0.363015 0.353819 0.325009 
0.212984 0.0415637 0.28862 0.655403 0.443721 0.517315 0.90277 0.866599 0.875875 
0.875875 0.875875 0.875875 0.871983 0.893917 0.397435 0.56833 0.493396 0.312227 
0.8165 0.816497 0.749256 0.543214 0.358282 0.340883 0.495842 0.547926 0.575086 
0.57735 0.57735 0.57735 0.575086 0.57735 0.568294 0.149432 0.00226412 0.00506272 
0 0.0766129 0.253106 0.281453 0.275674 0.256556 0.226117 0.482257 0.415298 
0.371509 0.325537 0.190186 0.0701877 0.0747159 0.215091 0.407554 0.357731 0.15479 
1 1 1 1 1 1 1 1 1 
1 1 1 1 1 1 1 1 1 
1 1 1 1 1 1 0.996078 0.986935 1 
0.717911 0.282244 0.393957 0.370438 0.57735 0.568298 0.57735 0.57735 0.57735 
0.575086 0.566039 0.566039 0.57743 0.577386 0.466408 0.199242 0.00452824 0 
0 0.0081634 0 0.294666 0.654334 0.451787 0.543846 0.901443 0.868091 
0.876977 0.876977 0.876977 0.876977 0.8642 0.911285 0.48747 0.478394 0.612648 
0.0429586 0.168171 0.499524 0.691635 0.816497 0.816497 0.781275 0.592793 0.437567 
0.34581 0.431693 0.428164 0.474931 0.533232 0.556973 0.301145 0.00506272 0.00226412 
0.00750923 0.242768 0.480185 0.553321 0.585085 0.570257 0.51729 0.394048 0.115913 
0.298872 0.294335 0.225618 0.380143 0.521569 0.517914 0.514473 0.390073 0.233918 
0.279809 1 1 1 1 1 1 1 1 
1 1 1 1 1 1 1 1 1 
1 1 1 1 1 0.996078 0.989544 0.993466 1 
0.796124 0.466156 0.412169 0.34754 0.57735 0.57284 0.575086 0.57735 0.57735 
0.57735 0.572822 0.575086 0.57735 0.457358 0.163095 0.00679236 0 0.00226412 
0.0163268 0.0984045 0.158504 0.0980915 0.306828 0.655414 0.437719 0.486896 0.903897 
0.866599 0.875875 0.876977 0.875875 0.875875 0.861407 0.913756 0.497596 0.466211 
0.649115 0.16607 0 0.00506272 0.0448273 0.185727 0.393898 0.563561 0.694823 
0.771669 0.803689 0.773272 0.608374 0.460424 0.172564 0.0815083 0.00554594 0.00506272 
0 0.255725 0.577355 0.6229 0.632921 0.64602 0.648064 0.612815 0.541692 
0.31503 0.159488 0.633346 0.868448 0.988251 1 1 1 1 
0.959506 0.964722 1 1 1 1 1 1 1 
1 1 1 1 1 1 1 1 1 
1 1 1 1 0.992157 0.989544 0.996078 1 0.908984 
0.591438 0.46676 0.394743 0.412803 0.577355 0.568384 0.570562 0.575086 0.575086 
0.572822 0.572822 0.57735 0.470937 0.267214 0.0385566 0 0.0244902 0.174161 
0.299446 0.362514 0.457117 0.505081 0.429043 0.340311 0.654366 0.459086 0.466084 
0.905226 0.8642 0.871983 0.871983 0.874776 0.871983 0.8642 0.90012 0.460179 
0.52991 0.650153 0.196444 0 0.00715977 0 0 0 0 
0.0115448 0.049862 0.163472 0.107373 0.0352214 0.00960584 0 0 0.0295205 
0.227101 0.286749 0.538165 0.644992 0.63693 0.642986 0.581455 0.523917 0.540973 
0.617876 0.534811 0.361508 0.987018 1 0.996078 0.988235 0.988235 0.988235 
0.993466 1 1 1 1 1 1 1 1 
1 1 1 1 1 1 1 0.996078 0.996078 
0.996078 0.992157 0.988235 0.989544 0.997387 0.996078 1 0.942703 0.593501 
0.320339 0.468673 0.479999 0.281899 0.453983 0.570562 0.57735 0.57735 0.57743 
0.577359 0.575086 0.57735 0.366794 0.0302918 0 0.0510808 0.256606 0.401209 
0.485737 0.505081 0.497926 0.480703 0.490771 0.421886 0.342361 0.650153 0.561392 
0.417096 0.893733 0.874776 0.881792 0.881792 0.880684 0.880684 0.88199 0.870674 
0.409111 0.612778 0.645008 0.200525 0.216268 0.205636 0.0752628 0.0264039 0.00679236 
0.00226412 0 0 0 0 0.00226412 0.00960584 0.121189 0.270863 
0.415514 0.479918 0.522992 0.643986 0.633905 0.643986 0.515434 0.405789 0.569501 
0.535774 0.340334 0.525061 0.420974 0.920375 1 0.996078 1 1 
1 1 0.996078 0.996078 1 1 1 1 1 
1 1 1 1 0.996078 0.989544 0.993466 0.996078 1 
1 1 1 1 0.997387 0.998695 0.82258 0.529441 0.331127 
0.407541 0.469061 0.517508 0.715795 0.814897 0.679126 0.554649 0.351486 0.434711 
0.518483 0.568294 0.529804 0.260383 0.00320195 0 0.0753989 0.370472 0.517271 
0.490771 0.478581 0.474342 0.476461 0.476461 0.493687 0.419761 0.340311 0.644996 
0.643986 0.39324 0.7746 0.876079 0.812134 0.787734 0.770686 0.765292 0.802038 
0.631868 0.356884 0.642986 0.647027 0.296703 0.426917 0.517271 0.452082 0.377619 
0.341049 0.31455 0.246446 0.25148 0.247245 0.305278 0.346084 0.370465 0.476461 
0.510116 0.487858 0.529804 0.639957 0.638967 0.642008 0.630011 0.357938 0.82238 
0.915093 0.913756 0.746146 0.259447 0.457878 0.801418 1 0.992157 1 
1 1 1 1 1 1 1 1 1 
1 1 0.996078 0.988235 0.992157 1 1 1 1 
0.983034 0.960928 0.954599 0.834419 0.700059 0.488913 0.322086 0.216883 0.285279 
0.390086 0.498456 0.686849 0.816497 0.814897 0.8149 0.8165 0.816497 0.784477 
0.63082 0.454214 0.156961 0.0543388 0.00320195 0.0144974 0.230028 0.464271 0.493687 
0.471426 0.473547 0.470637 0.470637 0.472762 0.470637 0.479918 0.420352 0.367667 
0.648048 0.630015 0.419211 0.492647 0.754808 0.66237 0.660832 0.659523 0.675808 
0.670814 0.274724 0.406035 0.525134 0.580025 0.30506 0.396169 0.485737 0.483616 
0.497926 0.505081 0.502961 0.500047 0.500047 0.500047 0.502961 0.502961 0.489982 
0.472762 0.468514 0.467731 0.586686 0.643986 0.635943 0.64602 0.53797 0.468569 
0.897674 0.856418 0.856418 0.91015 0.500857 0.330072 0.639304 1 0.989544 
1 1 1 1 1 1 1 1 1 
1 0.996078 0.992157 0.997387 1 1 0.913933 0.564329 0.355207 
0.405486 0.291307 0.26944 0.334707 0.231893 0.249063 0.330561 0.29208 0.306493 
0.408885 0.646841 0.803791 0.814897 0.811695 0.811695 0.813295 0.806894 0.800516 
0.810105 0.816497 0.598764 0.0752628 0 0.0468951 0.353246 0.500047 0.477793 
0.465605 0.472762 0.486533 0.517137 0.520082 0.520082 0.515036 0.573184 0.418348 
0.377789 0.612188 0.497421 0.502747 0.35889 0.538679 0.700407 0.698047 0.704287 
0.657862 0.444754 0.393853 0.502966 0.470637 0.477015 0.252284 0.454507 0.50217 
0.462701 0.467731 0.465605 0.468514 0.473547 0.474342 0.474342 0.470637 0.470637 
0.517984 0.573801 0.585755 0.528937 0.594744 0.642986 0.630881 0.651177 0.382073 
0.522487 0.90902 0.8642 0.869192 0.890565 0.720648 0.278864 0.573873 0.993507 
0.996084 1 1 1 1 1 1 1 1 
1 0.996078 0.996078 1 0.97127 0.699935 0.423687 0.238357 0.323769 
0.357745 0.491314 0.470937 0.414334 0.373586 0.293559 0.206581 0.196444 0.545934 
0.813301 0.81491 0.816525 0.810102 0.808493 0.816497 0.813295 0.810093 0.813295 
0.816497 0.701226 0.299395 0.00226412 0.00452824 0.126162 0.39326 0.497138 0.479379 
0.501169 0.537818 0.582763 0.620852 0.641006 0.641006 0.641006 0.63693 0.650118 
0.253136 0.034486 0.121104 0.16355 0.30692 0.489202 0.276686 0.269953 0.41253 
0.445197 0.375277 0.463304 0.515155 0.336814 0.16483 0.166947 0.103878 0.159005 
0.419596 0.567251 0.535731 0.534855 0.506212 0.480703 0.473547 0.47567 0.498235 
0.597744 0.641992 0.642986 0.644992 0.618805 0.623866 0.641992 0.630881 0.652227 
0.332417 0.503684 0.910359 0.862706 0.873084 0.880888 0.832931 0.323611 0.512822 
1 0.996084 1 1 1 1 1 1 0.996078 
0.992157 0.984314 0.996078 0.985623 0.713862 0.281143 0.192583 0.34641 0.473336 
0.376566 0.32586 0.279112 0.292913 0.402026 0.432494 0.489055 0.53887 0.50037 
0.290214 0.407592 0.723647 0.816497 0.813295 0.8165 0.810093 0.810093 0.816497 
0.765265 0.470686 0.0801127 0 0.0081634 0.196366 0.468514 0.490771 0.536615 
0.609767 0.628928 0.641992 0.643986 0.641992 0.641006 0.641006 0.638967 0.642986 
0.344302 0.100976 0.194793 0.291509 0.318791 0.17491 0.203532 0.489982 0.350149 
0.204774 0.211934 0.272796 0.394853 0.309514 0.166947 0.389014 0.391928 0.376824 
0.187935 0.0739227 0.508334 0.646004 0.63693 0.631945 0.597744 0.511255 0.472762 
0.594744 0.644992 0.638967 0.637983 0.637983 0.641006 0.641992 0.641006 0.630881 
0.651177 0.354716 0.505264 0.90902 0.8642 0.875875 0.875875 0.882376 0.285916 
0.317211 0.998695 1 1 1 1 1 1 1 
0.996078 0.996078 1 0.869289 0.21404 0.122367 0.409805 0.317954 0.24829 
0.444748 0.561501 0.563766 0.57735 0.57735 0.57735 0.57735 0.577368 0.57739 
0.575091 0.577359 0.545653 0.355539 0.378535 0.604414 0.794083 0.816509 0.8165 
0.46108 0.0928565 0.00226412 0 0.0395411 0.336814 0.487075 0.514194 0.587625 
0.641992 0.641992 0.638967 0.635943 0.637983 0.641006 0.641006 0.633905 0.647023 
0.408076 0.0637582 0.469307 0.597268 0.604142 0.52977 0.492106 0.253602 0.151848 
0.0842605 0.150543 0.317478 0.279607 0.111839 0.00226412 0.362514 0.520186 0.487858 
0.489982 0.524426 0.262882 0.140758 0.635943 0.641006 0.638967 0.643986 0.628928 
0.585755 0.635943 0.641006 0.641006 0.638967 0.641992 0.60557 0.457711 0.635943 
0.635943 0.648064 0.463016 0.406767 0.896551 0.868091 0.873084 0.875875 0.87667 
0.313603 0.347511 0.98446 1 0.996078 1 1 1 1 
1 0.958215 0.760865 0.609153 0.194055 0.106414 0.523212 0.244021 0.237916 
0.439437 0.518607 0.575126 0.577355 0.57739 0.57063 0.56152 0.568298 0.572822 
0.575086 0.572822 0.568303 0.575166 0.57735 0.575086 0.543992 0.403674 0.329979 
0.249752 0.00392157 0.00226412 0 0.101759 0.384774 0.497138 0.538699 0.627859 
0.648048 0.646004 0.644992 0.646004 0.643986 0.635943 0.641006 0.641006 0.635943 
0.647023 0.302758 0.294727 0.628288 0.637923 0.642986 0.613743 0.53858 0.350324 
0.0476004 0.316669 0.472762 0.499263 0.499263 0.463481 0.169869 0.217827 0.50217 
0.483112 0.573573 0.559805 0.506682 0.171984 0.456673 0.646004 0.630881 0.641006 
0.638967 0.637923 0.641992 0.641006 0.638967 0.630881 0.642986 0.555932 0.374676 
0.642986 0.635943 0.645008 0.561214 0.298117 0.875113 0.875875 0.873084 0.880684 
0.831474 0.330569 0.395683 0.980596 1 0.996078 1 1 1 
1 1 0.379076 0.348807 0.403013 0.34641 0.443767 0.493578 0.369051 
0.375844 0.292071 0.28536 0.206581 0.24766 0.459711 0.575126 0.577355 0.577355 
0.57284 0.570558 0.572822 0.57735 0.57735 0.577359 0.55932 0.405277 0.174337 
0.0113206 0 0 0 0.142568 0.434858 0.500047 0.558632 0.639957 
0.647023 0.468848 0.341957 0.371019 0.285755 0.512352 0.648048 0.633905 0.641006 
0.635943 0.646004 0.315972 0.453712 0.648048 0.632921 0.635943 0.643986 0.614044 
0.183743 0.309025 0.565069 0.564601 0.564601 0.527715 0.531432 0.427703 0.0887927 
0.394048 0.614982 0.643986 0.643986 0.614257 0.273537 0.318018 0.653272 0.633864 
0.637983 0.641006 0.407088 0.588344 0.641992 0.638971 0.644053 0.655434 0.497169 
0.432399 0.647023 0.633905 0.642008 0.630975 0.344049 0.807897 0.88199 0.869192 
0.885716 0.759992 0.275172 0.378562 0.97928 1 0.996078 1 1 
1 1 1 0.286543 0.536596 0.577386 0.378108 0.264824 0.466348 
0.700228 0.715537 0.606247 0.51533 0.366235 0.191756 0.149569 0.211486 0.339384 
0.523271 0.577368 0.575086 0.57735 0.550181 0.464144 0.287543 0.101885 0.00554594 
0.0113206 0.0144974 0 0.103458 0.316669 0.482826 0.488651 0.561616 0.638967 
0.646004 0.467928 0.257364 0.420084 0.46721 0.390099 0.207164 0.436411 0.644992 
0.637983 0.633905 0.647023 0.371654 0.442483 0.648048 0.630881 0.637983 0.642986 
0.586306 0.13289 0.497076 0.640025 0.640954 0.642986 0.641992 0.630881 0.61127 
0.198482 0.227879 0.646004 0.633905 0.628842 0.642986 0.262823 0.108394 0.327273 
0.59236 0.64299 0.646004 0.340229 0.450617 0.655414 0.617673 0.454028 0.251511 
0.163048 0.533646 0.644992 0.635943 0.635947 0.646004 0.364769 0.660335 0.896757 
0.848238 0.911487 0.55578 0.270038 0.35715 0.984423 1 0.996078 1 
1 1 1 1 0.700715 0.258506 0.288113 0.484087 0.873703 
1 0.996078 1 1 1 0.997392 0.885166 0.656555 0.445594 
0.223001 0.274407 0.291685 0.425715 0.335227 0.120169 0.016169 0 0 
0.00554594 0.00506272 0 0.131182 0.455803 0.513032 0.467731 0.558632 0.643986 
0.641992 0.608547 0.218156 0.433222 0.380917 0.310812 0.489123 0.52607 0.182413 
0.509311 0.644992 0.630881 0.646004 0.530621 0.261268 0.64299 0.642986 0.635943 
0.644992 0.557971 0.222817 0.631868 0.642986 0.637983 0.637983 0.641006 0.631868 
0.652212 0.354535 0.161007 0.643986 0.633905 0.643982 0.651161 0.206569 0.61274 
0.556061 0.257453 0.606556 0.651165 0.410112 0.441544 0.502553 0.195751 0.281161 
0.346891 0.0957912 0.617735 0.64299 0.638967 0.632921 0.648064 0.478051 0.26061 
0.875397 0.910359 0.781259 0.314867 0.458729 0.408898 1 0.997387 1 
1 1 1 1 1 1 0.938782 0.955734 1 
1 0.993466 0.985623 0.989544 0.985623 0.986935 0.997387 1 0.997387 
1 0.839454 0.533602 0.253854 0 0.00226412 0 0 0.00506272 
0.00679236 0 0.051729 0.2939 0.476461 0.482826 0.456903 0.520934 0.638967 
0.632921 0.649084 0.406042 0.267722 0.522286 0.632431 0.64521 0.565196 0.606995 
0.454705 0.335518 0.647023 0.637983 0.632921 0.648052 0.309862 0.372728 0.641006 
0.633905 0.641006 0.603531 0.228855 0.573158 0.642986 0.638967 0.641006 0.641006 
0.632921 0.64908 0.413138 0.192397 0.652227 0.64502 0.474974 0.304143 0.191234 
0.8384 0.917778 0.577586 0.292711 0.64908 0.455679 0.092275 0.292036 0.763602 
1 0.843235 0.225163 0.628928 0.641996 0.637983 0.642986 0.627859 0.596809 
0.324623 0.321457 0.467232 0.208373 0.444932 0.458946 0.455251 1 0.98693 
1 1 1 1 1 1 0.996078 1 1 
0.992157 0.996078 1 1 1 1 1 1 0.992157 
0.989544 0.993466 0.997387 1 0.94128 0.654902 0.305899 0.155599 0.0758395 
0.0354391 0 0.154027 0.423802 0.50217 0.472762 0.490264 0.545836 0.614828 
0.641992 0.632921 0.647023 0.269354 0.351318 0.624088 0.542217 0.539469 0.610527 
0.609502 0.541257 0.350953 0.619691 0.641006 0.634895 0.644992 0.349431 0.0912976 
0.19245 0.612606 0.650133 0.652227 0.333203 0.44861 0.648052 0.630881 0.637983 
0.637983 0.627859 0.64908 0.358454 0.0336585 0.437719 0.493381 0.0249053 0.104592 
0.699092 0.886824 0.865299 0.898995 0.339656 0.439612 0.484082 0.512722 0.998695 
0.993466 1 0.815994 0.268305 0.640025 0.64101 0.641992 0.617042 0.543624 
0.50217 0.505086 0.325057 0.268515 0.444719 0.354072 0.165467 0.213176 0.901966 
1 0.992157 1 1 1 1 1 1 0.996078 
0.996078 1 1 1 1 1 1 1 1 
1 1 1 0.992157 0.993466 1 1 0.996078 1 
0.881083 0.209158 0.228452 0.497437 0.492892 0.502002 0.560707 0.6229 0.642986 
0.641992 0.641006 0.633905 0.648052 0.387806 0.220179 0.607472 0.449381 0.477176 
0.605511 0.608484 0.52354 0.260846 0.620691 0.641006 0.644992 0.356475 0.463155 
0.357458 0 0.275674 0.419547 0.503495 0.268754 0.17243 0.646008 0.64602 
0.64399 0.640954 0.646008 0.63082 0.134729 0.372019 0.37913 0.281526 0.225379 
0.193857 0.867146 0.834379 0.845842 0.8992 0.687137 0.308411 0.440009 0.56342 
1 0.967322 1 0.784967 0.349137 0.647023 0.637927 0.61688 0.38981 
0.281453 0.318791 0.457117 0.40918 0.368377 0.252294 0.16483 0.344786 0.226253 
0.162165 0.822262 1 0.992157 1 1 1 1 1 
1 1 1 1 1 1 1 1 1 
1 1 1 1 1 1 0.988235 0.976471 1 
0.79093 0.305001 0.330484 0.50376 0.525983 0.595687 0.634963 0.642986 0.641992 
0.640025 0.641006 0.638967 0.632921 0.641996 0.575126 0.241932 0.606995 0.496075 
0.543591 0.606484 0.607974 0.451287 0.219468 0.639961 0.648064 0.460958 0.401975 
0.895232 0.657581 0.662567 0.507011 0.236684 0.292396 0.394711 0.369586 0.362358 
0.581455 0.379745 0.384807 0.611635 0.209379 0.24206 0.890565 0.894112 0.884207 
0.875307 0.430903 0.800749 0.856627 0.718957 0.79162 0.901068 0.419186 0.309025 
0.67451 1 0.976471 1 0.685643 0.277528 0.648048 0.644996 0.420328 
0.122451 0.192144 0.138334 0.0924969 0.0437274 0.164035 0.198482 0.230017 0.478581 
0.523956 0.269344 0.226717 0.945103 1 0.996078 1 1 1 
1 1 1 1 1 1 1 1 1 
1 1 1 1 1 1 0.992157 0.994773 1 
0.585904 0.122074 0.351581 0.539426 0.586686 0.639957 0.642986 0.641006 0.637983 
0.637983 0.635943 0.632921 0.641996 0.645008 0.649084 0.61361 0.276278 0.581566 
0.432488 0.543591 0.606484 0.605519 0.288291 0.293638 0.648064 0.623866 0.290884 
0.758429 0.891885 0.888752 0.895432 0.904101 0.885514 0.88273 0.906247 0.91262 
0.577586 0.285907 0.100925 0.034486 0.100925 0.301375 0.78182 0.884404 0.8642 
0.874776 0.877176 0.886824 0.874776 0.883096 0.825103 0.759034 0.913756 0.51876 
0.14439 0.908499 1 0.984314 1 0.674882 0.18345 0.644996 0.628842 
0.351114 0.430403 0.501389 0.482045 0.325947 0.0824152 0.330476 0.54377 0.340259 
0.227101 0.484416 0.565586 0.211244 0.5781 1 0.988235 1 1 
1 1 1 1 1 1 1 1 1 
1 1 1 1 1 1 0.988235 1 0.917653 
0.415699 0.220132 0.459242 0.600969 0.630881 0.642986 0.641006 0.637983 0.635943 
0.635943 0.642986 0.647039 0.649084 0.617739 0.490222 0.352418 0.22744 0.131514 
0.500396 0.439437 0.520073 0.610011 0.511335 0.139606 0.539687 0.658676 0.491189 
0.363573 0.887936 0.786663 0.851032 0.870491 0.865299 0.873284 0.874776 0.8642 
0.865299 0.892996 0.837843 0.673863 0.274892 0.655133 0.894318 0.882928 0.870685 
0.875875 0.875875 0.873084 0.873084 0.875875 0.875875 0.880684 0.85213 0.896551 
0.651303 0.301961 1 1 0.988235 1 0.738773 0.169522 0.642986 
0.606763 0.533127 0.572894 0.564601 0.546723 0.530258 0.359603 0.142998 0.475147 
0.524729 0.302359 0.454569 0.649115 0.376314 0.309854 1 0.996078 1 
1 1 1 1 1 1 1 1 1 
1 1 1 1 1 1 0.988235 1 0.89545 
0.211862 0.197706 0.550409 0.619893 0.642986 0.641006 0.637983 0.635943 0.638967 
0.64602 0.651197 0.607615 0.49844 0.378887 0.246872 0.434339 0.459505 0.55678 
0.51398 0.396796 0.452875 0.445215 0.609494 0.333141 0.154259 0.262413 0.360585 
0.309489 0.2168 0.853047 0.778896 0.858815 0.878277 0.875875 0.875875 0.875875 
0.875875 0.875875 0.869587 0.878096 0.898995 0.786093 0.871839 0.878277 0.869392 
0.876977 0.875875 0.875875 0.875875 0.875875 0.875875 0.875875 0.875875 0.871595 
0.90012 0.675049 0.513735 1 0.992157 0.992157 1 0.834063 0.147672 
0.604592 0.639055 0.632921 0.644992 0.644992 0.643986 0.600747 0.528491 0.195568 
0.441184 0.646004 0.468279 0.349475 0.655434 0.457251 0.316604 1 0.994773 
1 1 1 1 1 1 1 1 1 
1 1 1 1 1 1 0.988235 1 0.784399 
0.204749 0.310787 0.555134 0.630885 0.641992 0.637983 0.635943 0.635947 0.647059 
0.644996 0.556153 0.260255 0.127315 0.262032 0.0708781 0.532381 0.852073 0.82876 
0.830487 0.818863 0.384947 0.381758 0.408251 0.60044 0.285719 0.543667 0.576399 
0.514678 0.230162 0.0397351 0.643113 0.786904 0.861407 0.876977 0.875875 0.876977 
0.876977 0.875875 0.875875 0.875875 0.873084 0.869192 0.883096 0.870491 0.874577 
0.875875 0.875875 0.875875 0.875875 0.875875 0.875875 0.875875 0.875875 0.875875 
0.874577 0.88199 0.400698 0.764713 1 0.992157 0.996078 1 0.980397 
0.261934 0.483255 0.648084 0.635943 0.637983 0.637983 0.637983 0.642986 0.617245 
0.287579 0.462867 0.653268 0.520496 0.199487 0.651224 0.419547 0.274584 1 
1 1 1 1 1 1 1 1 1 
1 1 1 1 1 1 0.988235 1 0.719071 
0.147011 0.376607 0.568172 0.627859 0.641992 0.637983 0.635943 0.641957 0.644992 
0.498626 0.210806 0.228631 0.35738 0.265945 0.385838 0.393234 0.872594 0.879382 
0.897674 0.825218 0.700583 0.462368 0.136337 0.335777 0.602685 0.279112 0.1095 
0.301935 0.40057 0.649727 0.436417 0.403267 0.836303 0.848238 0.878277 0.875875 
0.875875 0.875875 0.876977 0.875875 0.875875 0.876977 0.876977 0.873084 0.875875 
0.876977 0.875875 0.875875 0.876977 0.876977 0.875875 0.876977 0.875875 0.876977 
0.867896 0.90012 0.713381 0.69155 1 0.996078 1 1 0.98693 
1 0.601566 0.311273 0.653303 0.630881 0.637983 0.641006 0.638967 0.638967 
0.637123 0.255675 0.479999 0.655399 0.432381 0.228855 0.64299 0.175407 0.0214793 
0.426172 0.917647 1 0.996078 1 1 1 1 1 
1 1 1 1 1 1 0.988235 1 0.725639 
0.154276 0.408829 0.586026 0.63693 0.641006 0.634963 0.638967 0.648048 0.525558 
0.309116 0.323547 0.661673 0.985633 0.928117 0.355755 0.143785 0.719762 0.88199 
0.884404 0.65959 0.367855 0.294466 0.318211 0.17292 0.0780382 0.403687 0.446089 
0.285512 0.206035 0.0847156 0.182623 0.369724 0.219164 0.620075 0.90277 0.866599 
0.871983 0.875875 0.875875 0.875875 0.875875 0.875875 0.875875 0.875875 0.875875 
0.875875 0.875875 0.875875 0.875875 0.875875 0.875875 0.875875 0.875875 0.875875 
0.868091 0.890363 0.803185 0.554062 0.967333 1 0.996078 1 1 
0.996078 1 0.882376 0.140613 0.476138 0.650181 0.640958 0.637988 0.630881 
0.644996 0.574132 0.255324 0.631916 0.638927 0.191756 0.137814 0.186071 0.176935 
0.667976 0.67451 0.905882 1 0.996078 1 1 1 1 
1 1 1 1 1 1 0.996078 1 0.933405 
0.267559 0.372377 0.558953 0.631868 0.641006 0.638967 0.646004 0.633864 0.41828 
0.133218 0.380069 0.835484 0.967333 1 0.333725 0.258883 0.426412 0.717043 
0.915301 0.646425 0.441898 0.743286 0.623669 0.610502 0.663387 0.569758 0.432186 
0.404473 0.429043 0.229057 0.184522 0.398498 0.378162 0.130771 0.0761094 0.623061 
0.90032 0.870491 0.868091 0.871983 0.875875 0.875875 0.875875 0.875875 0.875875 
0.875875 0.875875 0.875875 0.875875 0.875875 0.875875 0.875875 0.875875 0.875875 
0.868091 0.889248 0.867725 0.470272 0.797401 1 0.992157 1 1 
1 1 0.992157 1 0.699356 0.053291 0.272918 0.61472 0.644992 
0.646036 0.643986 0.220004 0.153125 0.424841 0.19102 0.539891 0.702078 0.780556 
0.913731 1 1 1 1 1 1 1 1 
1 1 1 1 1 1 1 1 0.993486 
0.384507 0.390926 0.579168 0.631868 0.641006 0.641006 0.631868 0.445548 0.349914 
0.335227 0.279827 0.234082 0.165683 0.159472 0.240786 0.0428391 0.229213 0.435712 
0.647019 0.366773 0.358575 0.863084 0.791092 0.680732 0.73341 0.651991 0.516606 
0.618788 0.665589 0.677501 0.627733 0.491032 0.137833 0.457363 0.343229 0.131475 
0 0.480991 0.898995 0.891195 0.878277 0.869192 0.869192 0.874384 0.876977 
0.876977 0.876977 0.876977 0.876977 0.875875 0.876977 0.876977 0.876977 0.873084 
0.871595 0.897674 0.824891 0.486201 0.678439 1 0.992157 1 1 
1 1 1 1 0.992157 1 0.678462 0.199011 0.178521 
0.278496 0.377796 0.23104 0.266974 0.45098 0.419803 0.154923 0.715035 1 
0.988235 1 0.988235 0.988235 0.996078 1 1 1 1 
1 1 1 1 1 1 1 0.988235 1 
0.614482 0.237301 0.574091 0.637923 0.641006 0.635943 0.646004 0.49625 0.325947 
0.460574 0.507996 0.505081 0.492106 0.479918 0.430403 0.418862 0.33806 0.47796 
0.35669 0.721803 0.578982 0.179195 0.571483 0.887936 0.901443 0.778863 0.578362 
0.824494 0.700583 0.70876 0.659978 0.470419 0.551837 0.303434 0.194714 0.263544 
0.466002 0.426815 0.175743 0.189565 0.623969 0.869192 0.898995 0.895432 0.878277 
0.868091 0.865299 0.869192 0.871983 0.873084 0.873084 0.874384 0.878277 0.878277 
0.891333 0.892996 0.688218 0.554917 0.850986 1 0.992157 1 1 
1 1 1 1 1 1 0.992157 1 0.972549 
0.847156 0.744083 0.17796 0.490363 1 0.996078 1 0.839222 0.690196 
1 0.988235 0.996078 1 1 1 1 1 1 
1 1 1 1 1 1 1 0.996078 1 
0.962141 0.286194 0.466392 0.639003 0.641992 0.637983 0.641006 0.620852 0.51379 
0.479143 0.478581 0.465605 0.465605 0.465605 0.46058 0.489987 0.404695 0.304488 
0.571083 0.405144 0.537956 0.940487 0.730441 0.685217 0.905226 0.90277 0.749765 
0.425516 0.883096 0.921399 0.898995 0.88778 0.885514 0.749369 0.358168 0.0106197 
0.512076 0.60821 0.483584 0.452286 0.126264 0.0943624 0.200921 0.493957 0.683618 
0.861946 0.901443 0.907686 0.895432 0.889248 0.880684 0.886824 0.879201 0.857719 
0.87958 0.734207 0.580975 0.615761 0.942496 1 0.992157 1 1 
1 1 1 1 1 1 1 1 0.992157 
1 0.994773 1 0.801309 0.721576 1 0.988235 0.993466 1 
1 1 1 1 1 1 1 1 1 
1 1 1 1 1 1 1 1 0.996078 
1 0.883807 0.24119 0.613873 0.64604 0.632921 0.633905 0.638967 0.61579 
0.566677 0.541674 0.521814 0.526864 0.534006 0.545855 0.580948 0.591356 0.240039 
0.190684 0.521873 0.573251 0.400243 0.851565 0.832026 0.759064 0.52626 0.657379 
0.894112 0.885351 0.868091 0.554423 0.777005 0.883096 0.861407 0.91262 0.395295 
0.226559 0.830694 0.817811 0.718942 0.448873 0.49549 0.140028 0.00226412 0.195935 
0.28446 0.248497 0.348358 0.527836 0.676562 0.757022 0.828782 0.793779 0.794867 
0.757733 0.362888 0.518977 0.882359 0.998695 0.996078 0.994773 1 1 
1 1 1 1 1 1 1 1 1 
1 0.996078 0.992157 0.992157 1 0.980392 0.992157 1 1 
0.992157 0.996078 1 1 1 1 1 1 1 
1 1 1 1 1 1 1 1 1 
1 0.993466 1 0.465363 0.33091 0.640041 0.648052 0.649115 0.648084 
0.647027 0.646004 0.646004 0.642986 0.636036 0.613873 0.57735 0.56819 0.342668 
0.329863 0.368266 0.236001 0.632062 0.325577 0.508228 0.520752 0.504396 0.278588 
0.484654 0.8992 0.74827 0.880684 0.537164 0.741584 0.886824 0.861407 0.880888 
0.293411 0.513815 0.925238 0.645119 0.667953 0.582794 0.269611 0.235479 0.543813 
0.378954 0.470349 0.576284 0.371039 0.252284 0.222829 0.24244 0.299138 0.627851 
0.613543 0.638361 0.65229 0.90981 1 0.992157 0.996078 1 1 
1 1 1 1 1 1 1 1 1 
1 1 1 1 1 0.996078 0.996078 1 1 
1 1 1 1 1 1 1 1 1 
1 1 1 1 1 1 1 1 1 
1 1 0.996078 1 0.963411 0.402619 0.191836 0.278643 0.413566 
0.47932 0.514458 0.521151 0.443727 0.415298 0.408502 0.316702 0.244378 0.252284 
0.416438 0.490766 0.464327 0.414754 0.392921 0.502747 0.185892 0.375509 0.749256 
0.325002 0.230106 0.799651 0.454254 0.861407 0.898995 0.877897 0.879201 0.898995 
0.861645 0.230962 0.634248 0.902572 0.861407 0.852674 0.232323 0.239879 0.334416 
0.975197 0.899491 0.273537 0.544933 0.656571 0.640958 0.536481 0.476875 0.225845 
0.776609 1 0.992157 1 0.996078 0.994773 1 1 1 
1 1 1 1 1 1 1 1 1 
1 1 1 1 1 1 1 1 1 
1 1 1 1 1 1 1 1 1 
1 1 1 1 1 1 1 1 1 
1 1 1 1 1 0.996078 0.994773 0.84721 0.609624 
0.505892 0.526888 0.690263 0.843137 0.821042 0.877547 0.955944 0.956997 0.964754 
0.973863 1 0.864843 0.52354 0.540522 0.442089 0.364629 0.379191 0.557222 
0.108913 0.0895115 0.193499 0.542747 0.829879 0.856023 0.869192 0.890363 0.794154 
0.55206 0.460062 0.0663197 0.499057 0.895644 0.731212 0.639881 0.334891 0.256366 
0.589806 1 1 0.8708 0.354022 0.581328 0.64604 0.613743 0.533204 
0.394535 0.424454 1 0.990857 0.992157 0.996078 1 1 1 
1 1 1 1 1 1 1 1 1 
1 1 1 1 1 1 1 1 1 
1 1 1 1 1 1 1 1 1 
1 1 1 1 1 1 1 1 1 
1 1 1 1 1 1 0.996078 0.996078 1 
1 1 1 1 1 1 1 1 0.998695 
0.998695 0.993466 0.990851 0.972612 0.584932 0.416973 0.807046 0.222829 0.489898 
0.112091 0.0113206 0.430093 0.819614 0.386183 0.798913 0.885514 0.887936 0.679628 
0.181723 0.286158 0.412082 0.330755 0.172147 0.588697 0.645508 0.385 0.235338 
0.552394 0.400186 0.890409 0.998695 1 0.668352 0.266455 0.64299 0.644996 
0.604706 0.520993 0.252061 0.630475 1 0.988235 1 1 1 
1 1 1 1 1 1 1 1 1 
1 1 1 1 1 1 1 1 1 
1 1 1 1 1 1 1 1 1 
1 1 1 1 1 1 1 1 1 
1 1 1 1 1 1 1 1 1 
0.992157 0.988235 0.989544 0.990851 0.990851 0.993466 0.992157 0.996078 0.996078 
1 1 1 0.997392 0.990872 0.631872 0.342653 0.596289 0.487001 
0.216137 0 0.0502206 0.219608 0.816996 0.661456 0.269421 0.883096 0.906355 
0.344094 0.412175 0.60044 0.600517 0.589263 0.49957 0.297833 0.894539 0.626789 
0.385127 0.418623 0.480292 0.655227 1 0.981706 1 0.590905 0.34541 
0.642986 0.640958 0.605824 0.447615 0.198908 0.836701 1 0.992157 0.996078 
0.988235 0.988235 0.988235 0.988235 0.988235 0.992157 0.996078 1 1 
1 1 1 1 1 1 1 1 1 
1 1 1 1 1 1 1 1 1 
1 1 1 1 1 1 1 1 1 
1 1 1 1 1 1 1 1 1 
1 1 1 1 1 1 1 1 0.996078 
1 0.768654 0.601319 0.613108 0.766163 1 0.810358 0.374683 0.203544 
0.520319 0.00679236 0 0.0379535 0.34902 0.870588 0.688891 0.0954427 0.37865 
0.756934 0.403433 0.60223 0.60418 0.606484 0.60317 0.607472 0.346469 0.64089 
0.348358 0.867988 0.759118 0.294579 0.667381 0.976612 0.997392 0.993466 1 
0.491632 0.437719 0.650133 0.637923 0.599124 0.373058 0.290664 0.946456 1 
0.996078 1 1 1 1 1 1 0.996078 0.992157 
0.996078 0.992157 0.988235 0.988235 0.988235 0.988235 0.988235 0.996078 1 
1 1 1 1 1 1 1 1 1 
1 1 1 1 1 1 1 1 1 
1 1 1 1 1 1 1 1 1 
1 1 1 1 1 1 1 1 0.996078 
1 0.93596 0.224616 0.298563 0.318662 0.211595 0.508722 0.987101 0.442338 
0.536329 0.417912 0.00452824 0 0.189551 0.675827 0.81046 0.653613 0.2432 
0 0.137963 0.419492 0.608475 0.595911 0.605511 0.595911 0.607472 0.414482 
0.063071 0.546408 0.551637 0.0380884 0.0580339 0.493287 0.83843 1 0.988235 
0.997392 0.975323 0.428062 0.57845 0.645028 0.625819 0.556319 0.312219 0.516363 
1 0.930809 0.713876 0.668007 0.681048 0.670596 0.704621 0.851004 0.964706 
1 1 1 1 1 1 1 1 1 
0.993466 0.992157 1 1 1 1 1 1 1 
1 1 1 1 1 1 1 1 1 
1 1 1 1 1 1 1 1 1 
1 1 1 1 1 1 1 1 1 
0.989544 1 0.610561 0.326536 0.596409 0.566089 0.507011 0.300275 0.868059 
0.512447 0.691621 0.373092 0.0225277 0.0256156 0.0771463 0.489113 0.564824 0.153025 
0 0.013957 0 0.307754 0.606484 0.596882 0.606484 0.59807 0.610527 
0.332764 0.230429 0.989544 0.933333 0.313775 0 0.422657 0.842188 0.994778 
0.996094 0.988235 1 0.693124 0.262345 0.644996 0.64299 0.606763 0.505877 
0.251154 0.36531 0.244703 0.193843 0.240093 0.216457 0.211486 0.16267 0.0744754 
0.266686 0.801309 0.898039 0.835294 0.709833 0.703387 0.699613 0.694347 0.726976 
0.88512 1 1 0.996078 1 1 1 1 1 
1 1 1 1 1 1 1 1 1 
1 1 1 1 1 1 1 1 1 
1 1 1 1 1 1 1 1 1 
1 0.993466 1 0.535429 0.484886 0.647059 0.635895 0.620046 0.344511 
0.729609 0.531832 0.536329 0.608408 0.480297 0.520319 0.453101 0.331436 0.418225 
0.407359 0.298065 0.2996 0.358975 0.377626 0.566288 0.602694 0.589984 0.600713 
0.609494 0.281799 0.0244902 0.7425 0.555559 0.0813824 0.00679236 0.365022 0.766045 
0.974032 0.997392 1 0.990851 1 0.468043 0.40943 0.650153 0.641992 
0.552677 0.279964 0.178291 0.298065 0.371785 0.26904 0.202433 0.214471 0.209122 
0.153176 0.0849573 0.13128 0.101961 0.063071 0.11871 0.267415 0.306602 0.293638 
0.283096 0.265868 0.434286 0.836628 1 0.996078 1 1 1 
1 1 1 1 1 1 1 1 1 
1 1 1 1 1 1 1 1 1 
1 1 1 1 1 1 1 1 1 
1 1 0.993466 1 0.54515 0.547149 0.64602 0.633905 0.647039 
0.496792 0.65707 0.918978 0.711114 0.797439 0.454981 0.319971 0.560336 0.457968 
0.455324 0.458768 0.480079 0.469285 0.451191 0.333064 0.273293 0.672443 0.641114 
0.609502 0.453186 0.149877 0.564147 0.815693 0.592183 0.00320195 0.00679236 0.355416 
0.627337 0.963746 0.998695 1 0.996078 1 0.930809 0.261954 0.53291 
0.64602 0.635943 0.465082 0.0544331 0.230651 0.634357 0.662474 0.743724 0.77497 
0.772108 0.665936 0.576373 0.369156 0.214996 0.128418 0.0469498 0.161722 0.283087 
0.495325 0.55876 0.491335 0.340259 0.150968 0.742596 1 0.992157 1 
1 1 1 1 1 1 1 1 1 
1 1 1 1 1 1 1 1 1 
1 1 1 1 1 1 1 1 1 
1 1 1 0.990851 1 0.611765 0.486127 0.647027 0.631872 
0.644992 0.49111 0.762201 1 0.973858 1 0.488976 0.350902 0.585532 
0.182075 0.560272 0.636173 0.618171 0.621165 0.593812 0.512672 0.192583 0.258249 
0.440457 0.242536 0.0345603 0.293088 0.394828 0.185658 0.0500672 0.0407541 0.00452824 
0.339406 0.66431 0.979197 0.997392 1 1 0.988235 1 0.753377 
0.307003 0.644992 0.639961 0.63386 0.580277 0.44598 0.370825 0.80314 0.666571 
0.495304 0.510055 0.500575 0.540745 0.713126 0.850899 0.868433 0.520004 0.0866894 
0.0396059 0.182455 0.610632 0.623883 0.58642 0.313178 0.314068 1 0.998695 
1 1 1 1 1 1 1 1 1 
1 1 1 1 1 1 1 1 1 
1 1 1 1 1 1 1 1 1 
1 1 1 1 0.996078 1 0.895667 0.439805 0.644992 
0.628859 0.646008 0.395703 0.366067 0.932083 0.997387 1 0.489354 0.397383 
0.582275 0.368808 0.356726 0.641992 0.638939 0.637927 0.648048 0.488305 0.695737 
0.474585 0.367485 0.457711 0.270948 0.378975 0.521917 0.563547 0.195319 0.00452824 
0.00452824 0.349012 0.745298 1 0.990851 1 1 1 0.98693 
1 0.513815 0.429896 0.649115 0.632921 0.638923 0.64908 0.474083 0.0633144 
0.173689 0.358911 0.341169 0.346144 0.351581 0.273406 0.24358 0.437848 0.336174 
0.266542 0.484082 0.555937 0.628842 0.638967 0.626822 0.58153 0.325443 0.90094 
1 0.996078 1 1 1 1 1 1 1 
1 1 1 1 1 1 1 1 1 
1 1 1 1 1 1 1 1 1 
1 1 1 1 1 1 0.996084 1 0.44239 
0.51611 0.65126 0.633905 0.605993 0.441828 0.370445 0.685157 1 0.512477 
0.438895 0.556153 0.707739 0.763414 0.486549 0.642986 0.64602 0.526621 0.689148 
1 0.734685 0.481151 0.521166 0.548651 0.966317 0.571254 0.504741 0.640389 
0.470686 0.192237 0.486696 0.690998 1 0.990851 1 1 1 
0.996078 1 0.873381 0.213308 0.592425 0.64299 0.631868 0.646004 0.468831 
0.101759 0.532771 0.597054 0.583954 0.569956 0.541172 0.496359 0.423868 0.224045 
0.157515 0.490222 0.639051 0.650118 0.650133 0.648143 0.655461 0.54303 0.297445 
0.946494 1 0.996078 1 1 1 1 1 1 
1 1 1 1 1 1 1 1 1 
1 1 1 1 1 1 1 1 1 
1 1 1 1 1 1 1 0.996078 1 
0.885004 0.373058 0.503684 0.651224 0.639945 0.634979 0.532703 0.382455 0.49075 
0.369301 0.476246 0.481385 0.622966 1 0.684831 0.525637 0.555937 0.196196 
0.807945 1 0.654972 0.486259 0.493754 0.735992 1 0.994773 0.950631 
0.601255 0.403306 0.553937 0.598764 0.68901 1 0.990851 1 1 
1 1 0.988235 1 0.546802 0.304143 0.652227 0.573158 0.644992 
0.417213 0.189362 0.648052 0.637923 0.642986 0.641992 0.632921 0.587629 0.539925 
0.524807 0.385326 0.169824 0.330786 0.290743 0.335411 0.351734 0.263699 0.149655 
0.692961 1 0.992157 1 1 1 1 1 1 
1 1 1 1 1 1 1 1 1 
1 1 1 1 1 1 1 1 1 
1 1 1 1 1 1 1 1 1 
0.996078 1 0.908611 0.310688 0.377266 0.635959 0.651197 0.646068 0.597942 
0.523105 0.50376 0.508339 0.43095 0.625139 1 0.990934 0.520023 0.324694 
0.699613 0.955568 0.784314 0.358354 0.542303 0.449312 0.993507 0.992162 0.979087 
0.994773 1 0.954556 0.639512 0.654663 1 1 1 1 
1 1 1 0.996078 1 0.908532 0.222484 0.488315 0.378724 
0.633905 0.618718 0.173172 0.475923 0.650118 0.630881 0.633905 0.641006 0.642986 
0.639957 0.605685 0.555817 0.395515 0.839661 0.771616 0.554584 0.461775 0.501394 
0.802693 1 0.996078 1 1 1 1 1 1 
1 1 1 1 1 1 1 1 1 
1 1 1 1 1 1 1 1 1 
1 1 1 1 1 1 1 1 1 
1 1 0.992157 1 0.945147 0.615695 0.30992 0.440009 0.616764 
0.652247 0.651303 0.64099 0.628965 0.630162 0.426382 0.866815 1 0.541517 
0.596229 0.828946 0.91651 0.254922 0.631945 0.50433 0.218344 0.734685 0.994799 
1 0.913748 0.650062 0.601561 0.721618 0.933487 1 0.996078 1 
1 1 1 1 1 0.988235 1 0.662753 0.110595 
0.36962 0.647023 0.644992 0.495185 0.178234 0.474936 0.647023 0.643982 0.641992 
0.632921 0.635943 0.634895 0.647027 0.384287 0.671944 1 0.988235 1 
1 1 0.992157 1 1 1 1 1 1 
1 1 1 1 1 1 1 1 1 
1 1 1 1 1 1 1 1 1 
1 1 1 1 1 1 1 1 1 
1 1 1 1 0.996078 0.992157 1 0.826406 0.452291 
0.294657 0.390355 0.49564 0.603752 0.6229 0.64399 0.391869 0.658925 1 
0.687584 0.900667 0.945098 0.949025 0.345202 0.372212 0.621809 0.500841 0.312301 
0.470316 0.844714 0.537417 0.377565 0.418268 0.310383 0.453056 1 0.997387 
1 1 1 1 1 1 1 0.996078 1 
0.298289 0.317243 0.653284 0.628842 0.644992 0.223793 0.0832506 0.283558 0.476918 
0.627798 0.647023 0.641957 0.649084 0.629804 0.221768 0.733445 1 0.980392 
0.992157 0.988235 0.992157 1 1 1 1 1 1 
1 1 1 1 1 1 1 1 1 
1 1 1 1 1 1 1 1 1 
1 1 1 1 1 1 1 1 1 
1 1 1 1 1 1 0.996078 0.988235 0.996078 
1 0.892985 0.597406 0.353304 0.281744 0.333695 0.315331 0.420328 0.928117 
1 0.985623 0.989544 0.996078 1 0.92681 0.301961 0.383004 0.64604 
0.606027 0.451877 0.316742 0.275944 0.363319 0.415976 0.501389 0.31198 0.798804 
1 0.992157 1 1 1 1 1 1 0.988235 
1 0.571891 0.317243 0.652227 0.641992 0.372728 0.285719 0.446261 0.343744 
0.229225 0.217025 0.392973 0.548912 0.395923 0.241158 0.0814454 0.724228 1 
0.988235 1 1 1 1 1 1 1 1 
1 1 1 1 1 1 1 1 1 
1 1 1 1 1 1 1 1 1 
1 1 1 1 1 1 1 1 1 
1 1 1 1 1 1 1 1 1 
0.992157 0.992157 1 1 0.998695 0.951744 0.937452 0.9401 0.98304 
1 1 1 1 1 0.996078 1 0.975197 0.461508 
0.242102 0.481198 0.637123 0.60767 0.542912 0.435641 0.376341 0.528156 0.428995 
0.650988 1 0.988235 1 1 1 1 1 1 
0.988235 1 0.612443 0.302071 0.654346 0.556923 0.348542 0.542789 0.558912 
0.584182 0.581209 0.505999 0.430189 0.43389 0.295769 0.391195 0.405246 0.316499 
0.994799 1 0.996078 1 1 1 1 1 1 
1 1 1 1 1 1 1 1 1 
1 1 1 1 1 1 1 1 1 
1 1 1 1 1 1 1 1 1 
1 1 1 1 1 1 1 1 1 
1 1 1 0.996078 0.98693 0.996078 1 1 1 
0.996078 0.996078 1 1 1 1 1 0.996078 0.996078 
0.992162 0.757107 0.448438 0.276825 0.392973 0.447145 0.558398 0.611052 0.577705 
0.315119 0.789707 1 0.992157 1 1 1 1 1 
1 0.988235 1 0.702319 0.235958 0.651161 0.479149 0.385067 0.644992 
0.63693 0.642986 0.642986 0.644992 0.646004 0.637006 0.63222 0.560999 0.507774 
0.326865 0.814545 1 0.992157 1 1 1 1 1 
1 1 1 1 1 1 1 1 1 
1 1 1 1 1 1 1 1 1 
1 1 1 1 1 1 1 1 1 
1 1 1 1 1 1 1 1 1 
1 1 1 1 1 1 1 0.996078 0.996078 
0.996078 1 1 1 1 1 1 1 1 
0.996078 0.996078 1 1 0.859116 0.647186 0.427463 0.318976 0.341237 
0.257732 0.415884 0.989544 1 0.996078 1 1 1 1 
1 1 0.988235 1 0.703489 0.151882 0.618933 0.435659 0.291764 
0.643986 0.639961 0.630881 0.637983 0.635943 0.635943 0.641006 0.642986 0.634895 
0.62024 0.26367 0.668352 1 0.988235 1 1 1 1 
1 1 1 1 1 1 1 1 1 
1 1 1 1 1 1 1 1 1 
1 1 1 1 1 1 1 1 1 
1 1 1 1 1 1 1 1 1 
1 1 1 1 1 1 1 1 1 
1 1 1 1 1 1 1 1 1 
1 1 1 0.988235 0.993466 1 1 1 0.986961 
0.967481 0.975228 0.992162 1 1 1 1 1 1 
1 1 1 0.988235 1 0.519313 0.251847 0.538194 0.509331 
0.237732 0.337232 0.632865 0.650121 0.641972 0.637939 0.634899 0.633905 0.631872 
0.64202 0.644992 0.25994 0.860383 1 0.996078 1 1 1 
1 1 1 1 1 1 1 1 1 
1 1 1 1 1 1 1 1 1 
1 1 1 1 1 1 1 1 1 
1 1 1 1 1 1 1 1 1 
1 1 1 1 1 1 1 1 1 
1 1 1 1 1 1 1 1 1 
1 1 1 1 1 1 0.992157 0.989544 0.990851 
1 1 1 0.996078 1 1 1 1 1 
1 1 1 1 0.996078 1 0.378121 0.417114 0.518112 
0.339384 0.23549 0.137888 0.168415 0.448781 0.612188 0.638084 0.643986 0.647023 
0.642966 0.639087 0.396964 0.418844 1 0.990851 1 1 1 
1 1 1 1 1 1 1 1 1 
1 1 1 1 1 1 1 1 1 
1 1 1 1 1 1 1 1 1 
1 1 1 1 1 1 1 1 1 
1 1 1 1 1 1 1 1 1 
1 1 1 1 1 1 1 1 1 
1 1 1 1 1 1 1 1 1 
1 0.996078 0.996078 0.996078 1 1 1 1 1 
1 1 1 1 0.996078 1 0.923017 0.303974 0.495806 
0.402389 0.222426 0.409311 0.462706 0.535951 0.150764 0.222955 0.303645 0.342272 
0.36671 0.362796 0.330577 0.328391 0.471176 1 0.994773 1 1 
1 1 1 1 1 1 1 1 1 
1 1 1 1 1 1 1 1 1 
1 1 1 1 1 1 1 1 1 
1 1 1 1 1 1 1 1 1 
1 1 1 1 1 1 1 1 1 
1 1 1 1 1 1 1 1 1 
1 1 1 1 1 1 1 1 1 
1 1 1 1 1 1 1 1 1 
1 1 1 1 1 0.992157 1 0.839478 0.267492 
0.446054 0.185132 0.401848 0.192437 0.322857 0.485525 0.540228 0.7781 0.749321 
0.661251 0.602 0.651645 0.782917 0.8165 0.486791 0.632723 1 0.992157 
1 1 1 1 1 1 1 1 1 
1 1 1 1 1 1 1 1 1 
1 1 1 1 1 1 1 1 1 
1 1 1 1 1 1 1 1 1 
1 1 1 1 1 1 1 1 1 
1 1 1 1 1 1 1 1 1 
1 1 1 1 1 1 1 1 1 
1 1 1 1 1 1 1 1 1 
1 1 1 1 1 1 0.990851 1 0.745243 
0.236998 0.216445 0.403445 0.399275 0.518958 0.657316 0.403687 0.794089 0.816525 
0.813323 0.816509 0.816509 0.816509 0.813323 0.816509 0.725257 0.316799 0.74389 
1 0.988235 1 1 1 1 1 1 1 
1 1 1 1 1 1 1 1 1 
1 1 1 1 1 1 1 1 1 
1 1 1 1 1 1 1 1 1 
1 1 1 1 1 1 1 1 1 
1 1 1 1 1 1 1 1 1 
1 1 1 1 1 1 1 1 1 
1 1 1 1 1 1 1 1 1 
1 1 1 1 1 1 1 0.988235 1 
0.670596 0.0973834 0.389093 0.443218 0.790113 0.831342 0.349416 0.376021 0.816497 
0.810096 0.813295 0.810093 0.806891 0.810093 0.813295 0.813295 0.816547 0.605244 
0.399756 0.98957 0.998695 0.997387 1 1 1 1 1 
1 1 1 1 1 1 1 1 1 
1 1 1 1 1 1 1 1 1 
1 1 1 1 1 1 1 1 1 
1 1 1 1 1 1 1 1 1 
1 1 1 1 1 1 1 1 1 
1 1 1 1 1 1 1 1 1 
1 1 1 1 1 1 1 1 1 
1 1 1 1 1 1 1 1 0.992157 
1 0.771384 0.13528 0.542846 0.578331 0.934758 0.879487 0.305824 0.468257 
0.746067 0.816497 0.813295 0.816497 0.816497 0.816497 0.816497 0.814897 0.816497 
0.781315 0.414729 0.606606 1 0.990851 1 1 1 1 
1 1 1 1 1 1 1 1 1 
1 1 1 1 1 1 1 1 1 
1 1 1 1 1 1 1 1 1 
1 1 1 1 1 1 1 1 1 
1 1 1 1 1 1 1 1 1 
1 1 1 1 1 1 1 1 1 
1 1 1 1 1 1 1 1 1 
1 1 1 1 1 1 1 1 1 
0.992157 1 0.798952 0.358675 0.522345 0.809114 0.92822 0.849075 0.249639 
0.639949 0.652416 0.816497 0.810096 0.816497 0.816497 0.816497 0.816497 0.816497 
0.816497 0.816525 0.650066 0.424189 0.980491 1 1 1 1 
1 1 1 1 1 1 1 1 1 
1 1 1 1 1 1 1 1 1 
1 1 1 1 1 1 1 1 1 
1 1 1 1 1 1 1 1 1 
1 1 1 1 1 1 1 1 1 
1 1 1 1 1 1 1 1 1 
1 1 1 1 1 1 1 1 1 
1 1 1 1 1 1 1 1 1 
1 0.988235 1 0.525754 0.353906 0.620521 0.9392 0.927145 0.75353 
0.409862 0.477874 0.632062 0.810118 0.816509 0.816497 0.816497 0.816497 0.816497 
0.816497 0.813295 0.8165 0.813295 0.45628 0.730756 1 0.988235 1 
1 1 1 1 1 1 1 1 1 
1 1 1 1 1 1 1 1 1 
1 1 1 1 1 1 1 1 1 
1 1 1 1 1 1 1 1 1 
1 1 1 1 1 1 1 1 1 
1 1 1 1 1 1 1 1 1 
1 1 1 1 1 1 1 1 1 
1 1 1 1 1 1 0.992157 0.992157 0.992157 
0.996078 0.992157 1 0.932193 0.257453 0.440602 0.767676 0.713704 0.908566 
0.588819 0.702873 0.524914 0.571622 0.736476 0.816509 0.813295 0.816497 0.816497 
0.816497 0.816497 0.816497 0.810099 0.522403 0.346529 0.343147 1 0.994773 
0.996078 1 1 1 1 1 1 1 1 
1 1 1 1 1 1 1 1 1 
1 1 1 1 1 1 1 1 1 
1 1 1 1 1 1 1 1 1 
1 1 1 1 1 1 1 1 1 
1 1 1 1 1 1 1 1 1 
1 1 1 1 1 1 1 1 1 
1 1 1 1 1 1 0.996078 1 1 
1 1 0.984314 1 0.72319 0.34587 0.66461 0.49196 0.270351 
0.749286 0.605265 0.816497 0.668406 0.630686 0.669276 0.816497 0.811698 0.816497 
0.816497 0.816497 0.816497 0.814897 0.816497 0.268324 0.221143 0.102612 0.56607 
1 0.993466 1 1 1 1 1 1 1 
1 1 1 1 1 1 1 1 1 
1 1 1 1 1 1 1 1 1 
1 1 1 1 1 1 1 1 1 
1 1 1 1 1 1 1 1 1 
1 1 1 1 1 1 1 1 1 
1 1 1 1 1 1 1 1 1 
1 1 1 1 1 1 1 0.988235 0.756883 
0.742872 0.808319 0.857644 0.905888 1 0.47191 0.328235 0.450702 0.234082 
0.569096 0.689379 0.675611 0.816497 0.61871 0.643221 0.564896 0.816497 0.810105 
0.816497 0.816497 0.813295 0.813295 0.803692 0.816497 0.422681 0.48532 0.446037 
0.093077 0.528127 1 0.992157 1 1 1 1 1 
1 1 1 1 1 1 1 1 1 
1 1 1 1 1 1 1 1 1 
1 1 1 1 1 1 1 1 1 
1 1 1 1 1 1 1 1 1 
1 1 1 1 1 1 1 1 1 
1 1 1 1 1 1 1 1 1 
1 1 1 1 1 1 0.992157 1 0.813074 
0.113387 0.329995 0.360926 0.197874 0.42924 0.800019 0.415686 0.600026 0.146417 
0.328882 0.895776 0.610561 0.75566 0.816575 0.680431 0.492752 0.521637 0.750899 
0.81661 0.813323 0.813307 0.816509 0.816525 0.810121 0.816575 0.61805 0.442495 
0.80268 0.494564 0.155567 0.858824 1 0.992157 1 1 1 
1 1 1 1 1 1 1 1 1 
1 1 1 1 1 1 1 1 1 
1 1 1 1 1 1 1 1 1 
1 1 1 1 1 1 1 1 1 
1 1 1 1 1 1 1 1 1 
1 1 1 1 1 1 1 1 1 
1 1 1 1 1 1 1 0.990851 1 
0.588889 0.505908 0.563561 0.816497 0.480297 0.505913 0.37783 0.449341 0.649692 
0.415699 0.619831 0.588601 0.445646 0.550735 0.694915 0.736476 0.484907 0.560066 
0.630857 0.798891 0.790881 0.816497 0.794083 0.768467 0.765265 0.794118 0.653323 
0.343952 0.77465 0.751745 0.280294 0.423965 1 0.994773 1 1 
1 1 1 1 1 1 1 1 1 
1 1 1 1 1 1 1 1 1 
1 1 1 1 1 1 1 1 1 
1 1 1 1 1 1 1 1 1 
1 1 1 1 1 1 1 1 1 
1 1 1 1 1 1 1 1 1 
1 1 1 1 1 1 1 1 0.993471 
1 0.653264 0.75566 0.534768 0.794086 0.493105 0.637204 0.621178 0.181934 
0.0627859 0.417059 1 0.747722 0.443137 0.839234 0.793602 0.586499 0.247442 
0.339927 0.416905 0.66732 0.609889 0.519397 0.349394 0.549328 0.690645 0.721064 
0.572652 0.375011 0.565277 0.697518 0.569614 0.233863 0.896745 1 0.996078 
1 1 1 1 1 1 1 1 1 
1 1 1 1 1 1 1 1 1 
1 1 1 1 1 1 1 1 1 
1 1 1 1 1 1 1 1 1 
1 1 1 1 1 1 1 1 1 
1 1 1 1 1 1 1 1 1 
1 1 1 1 1 1 1 1 1 
0.990851 1 0.563593 0.489898 0.771683 0.640389 0.605168 0.640389 0.624384 
0.294579 0.112068 0.0705882 0.300898 0.334661 0.541176 1 0.976471 1 
0.809748 0.407567 0.649242 0.966312 0.998695 0.872227 0.904804 1 0.996078 
1 0.928134 0.283051 0.432002 0.783742 0.630263 0.228866 0.708716 1 
0.988235 1 1 1 1 1 1 1 1 
1 1 1 1 1 1 1 1 1 
1 1 1 1 1 1 1 1 1 
1 1 1 1 1 1 1 1 1 
1 1 1 1 1 1 1 1 1 
1 1 1 1 1 1 1 1 1 
1 1 1 1 1 1 1 1 1 
1 0.996078 1 0.904622 0.184578 0.579552 0.720452 0.630788 0.630788 
0.403445 0.180037 0.65679 0.630784 0.170577 0.539948 0.521578 0.437912 0.481049 
0.58172 0.691758 0.370251 0.501107 0.742493 0.958193 0.947725 0.983019 0.947757 
0.887734 0.764894 0.588244 0.114444 0.224205 0.396557 0.375564 0.212875 0.68894 
1 0.98693 1 1 1 1 1 1 1 
1 1 1 1 1 1 1 1 1 
1 1 1 1 1 1 1 1 1 
1 1 1 1 1 1 1 1 1 
1 1 1 1 1 1 1 1 1 
1 1 1 1 1 1 1 1 1 
1 1 1 1 1 1 1 1 1 
1 1 1 0.988235 1 0.581993 0.240146 0.595579 0.483494 
0.416253 0.0717408 0.35268 0.813298 0.608387 0.220934 0.486306 1 0.979087 
0.843137 0.721569 0.648369 0.512422 0.217732 0.213752 0.430165 0.433991 0.227541 
0.332448 0.514922 0.409211 0.378569 0.352367 0.628186 0.715225 0.530655 0.343199 
0.825398 1 0.992157 1 1 1 1 1 1 
1 1 1 1 1 1 1 1 1 
1 1 1 1 1 1 1 1 1 
1 1 1 1 1 1 1 1 1 
1 1 1 1 1 1 1 1 1 
1 1 1 1 1 1 1 1 1 
1 1 1 1 1 1 1 1 1 
1 1 1 1 0.996078 1 0.971286 0.330181 0.406647 
0.309208 0.255444 0.114041 0.445071 0.464282 0.563547 0.800487 0.436617 0.830314 
1 0.992157 0.996078 1 0.92335 0.547074 0.468032 0.791474 1 
0.439461 0.177369 0.742548 0.797957 0.663588 0.698105 0.582376 0.800058 0.623788 
0.36969 0.990862 1 0.997387 1 1 1 1 1 
1 1 1 1 1 1 1 1 1 
1 1 1 1 1 1 1 1 1 
1 1 1 1 1 1 1 1 1 
1 1 1 1 1 1 1 1 1 
1 1 1 1 1 1 1 1 1 
1 1 1 1 1 1 1 1 1 
1 1 1 1 1 1 0.992157 1 0.732084 
0.172905 0.271477 0.302775 0.381402 0.454677 0.688419 0.752458 0.762094 0.646793 
0.49505 0.994778 0.993471 0.988235 0.984329 0.994778 0.760754 0.573149 0.589728 
1 0.917653 0.332617 0.414111 0.652149 0.738054 0.804049 0.636974 0.720214 
0.447483 0.601481 1 0.990851 1 1 1 1 1 
1 1 1 1 1 1 1 1 1 
1 1 1 1 1 1 1 1 1 
1 1 1 1 1 1 1 1 1 
1 1 1 1 1 1 1 1 1 
1 1 1 1 1 1 1 1 1 
1 1 1 1 1 1 1 1 1 
1 1 1 1 1 1 1 1 0.994773 
1 0.461886 0.0800487 0.33705 0.583853 0.307387 0.59236 0.550735 0.515518 
0.563543 0.259516 0.693109 1 0.992157 0.990851 1 0.775536 0.662803 
0.482257 0.975323 1 0.867146 0.243453 0.359446 0.884969 0.923907 0.62105 
0.26116 0.523873 0.969947 1 0.997387 1 1 1 1 
1 1 1 1 1 1 1 1 1 
1 1 1 1 1 1 1 1 1 
1 1 1 1 1 1 1 1 1 
1 1 1 1 1 1 1 1 1 
1 1 1 1 1 1 1 1 1 
1 1 1 1 1 1 1 1 1 
1 1 1 1 1 1 1 1 1 
1 0.990851 1 0.602753 0.0864526 0.204937 0.432287 0.525139 0.678813 
0.8165 0.816509 0.505908 0.58834 1 0.988235 0.996078 1 0.86711 
0.57444 0.538732 0.880236 1 1 0.723176 0.402663 0.465121 0.375796 
0.32608 0.512016 0.956863 1 0.996078 1 1 1 1 
1 1 1 1 1 1 1 1 1 
1 1 1 1 1 1 1 1 1 
1 1 1 1 1 1 1 1 1 
1 1 1 1 1 1 1 1 1 
1 1 1 1 1 1 1 1 1 
1 1 1 1 1 1 1 1 1 
1 1 1 1 1 1 1 1 1 
1 1 0.996078 1 0.93467 0.414445 0.297031 0.326599 0.598768 
0.457884 0.502752 0.762148 0.537927 0.635391 1 0.990851 1 0.998695 
0.984376 0.546474 0.611572 0.661479 1 0.98693 1 0.922889 0.762228 
0.772715 0.934642 1 0.997387 0.997387 1 1 1 1 
1 1 1 1 1 1 1 1 1 
1 1 1 1 1 1 1 1 1 
1 1 1 1 1 1 1 1 1 
1 1 1 1 1 1 1 1 1 
1 1 1 1 1 1 1 1 1 
1 1 1 1 1 1 1 1 1 
1 1 1 1 1 1 1 1 1 
1 1 1 1 0.996078 0.992157 1 0.938651 0.520659 
0.32732 0.595562 0.573153 0.323397 0.112068 0.704585 1 0.988235 1 
0.990851 1 0.765028 0.637188 0.551707 0.979197 0.998695 0.992157 1 
1 0.998695 0.97779 0.992157 0.996078 1 1 1 1 
1 1 1 1 1 1 1 1 1 
1 1 1 1 1 1 1 1 1 
1 1 1 1 1 1 1 1 1 
1 1 1 1 1 1 1 1 1 
1 1 1 1 1 1 1 1 1 
1 1 1 1 1 1 1 1 1 
1 1 1 1 1 1 1 1 1 
1 1 1 1 1 1 1 0.992157 0.996078 
1 0.843429 0.690218 0.795566 0.66712 0.62903 0.873205 1 0.996078 
1 0.996078 1 0.945505 0.660172 0.568375 0.868306 1 0.992157 
0.985628 1 0.738592 0.397886 0.878449 1 0.996078 1 1 
1 1 1 1 1 1 1 1 1 
1 1 1 1 1 1 1 1 1 
1 1 1 1 1 1 1 1 1 
1 1 1 1 1 1 1 1 1 
1 1 1 1 1 1 1 1 1 
1 1 1 1 1 1 1 1 1 
1 1 1 1 1 1 1 1 1 
1 1 1 1 1 1 1 1 1 
0.996078 0.992157 1 1 1 1 1 1 1 
1 1 1 0.993471 1 0.678696 0.550735 0.691513 1 
0.981706 1 0.762148 0.461708 0.11368 0.690471 1 0.990851 1 
1 1 1 1 1 1 1 1 1 
1 1 1 1 1 1 1 1 1 
1 1 1 1 1 1 1 1 1 
1 1 1 1 1 1 1 1 1 
1 1 1 1 1 1 1 1 1 
1 1 1 1 1 1 1 1 1 
1 1 1 1 1 1 1 1 1 
1 1 1 1 1 1 1 1 1 
1 1 1 0.993466 0.990851 0.993471 0.993471 0.988235 0.996078 
1 1 1 1 0.992157 1 0.78563 0.605168 0.532106 
0.979197 1 0.678431 0.600474 0.544331 0.427487 0.928112 1 0.996078 
1 1 1 1 1 1 1 1 1 
1 1 1 1 1 1 1 1 1 
1 1 1 1 1 1 1 1 1 
1 1 1 1 1 1 1 1 1 
1 1 1 1 1 1 1 1 1 
1 1 1 1 1 1 1 1 1 
1 1 1 1 1 1 1 1 1 
1 1 1 1 1 1 1 1 1 
1 1 1 1 1 1 1 1 1 
1 1 1 1 1 0.998695 1 0.958626 0.657308 
0.553937 0.829107 0.758206 0.557801 0.563543 0.54129 1 0.998695 1 
1 1 1 1 1 1 1 1 1 
1 1 1 1 1 1 1 1 1 
1 1 1 1 1 1 1 1 1 
1 1 1 1 1 1 1 1 1 
1 1 1 1 1 1 1 1 1 
1 1 1 1 1 1 1 1 1 
1 1 1 1 1 1 1 1 1 
1 1 1 1 1 1 1 1 1 
1 1 1 1 1 1 1 1 1 
1 1 1 1 1 1 1 0.996094 1 
0.838042 0.691621 0.292816 0.465479 0.467484 0.49807 1 0.990851 0.996078 
1 1 1 1 1 1 1 1 1 
1 1 1 1 1 1 1 1 1 
1 1 1 1 1 1 1 1 1 
1 1 1 1 1 1 1 1 1 
1 1 1 1 1 1 1 1 1 
1 1 1 1 1 1 1 1 1 
1 1 1 1 1 1 1 1 1 
1 1 1 1 1 1 1 1 1 
1 1 1 1 1 1 1 1 1 
1 1 1 1 1 1 1 1 0.997392 
1 0.887197 0.711124 0.521917 0.527068 0.648377 0.968691 1 0.996078 
1 1 1 1 1 1 1 1 1 
1 1 1 1 1 1 1 1 1 
1 1 1 1 1 1 1 1 1 
1 1 1 1 1 1 1 1 1 
1 1 1 1 1 1 1 1 1 
1 1 1 1 1 1 1 1 1 
1 1 1 1 1 1 1 1 1 
1 1 1 1 1 1 1 1 1 
1 1 1 1 1 1 1 1 1 
1 1 1 1 1 1 1 1 1 
1 0.998695 0.992172 0.732158 0.50911 0.67068 1 0.990851 0.996078 
1 1 1 1 1 1 1 1 1 
1 1 1 1 1 1 1 1 1 
1 1 1 1 1 1 1 1 1 
1 1 1 1 1 1 1 1 1 
1 1 1 1 1 1 1 1 1 
1 1 1 1 1 1 1 1 1 
1 1 1 1 1 1 1 1 1 
1 1 1 1 1 1 1 1 1 
1 1 1 1 1 1 1 1 1 
1 1 1 1 1 1 1 1 1 
1 1 0.990851 1 0.734922 0.609153 1 0.990851 0.996078 
1 1 1 1 1 1 1 1 1 
1 1 1 1 1 1 1 1 1 
1 
