2194
270708.769 5112825.095 477.302 -48.986 0.050
277757.303 5112638.222 524.294 -77.537 0.050
267690.835 5112983.695 432.433 3.428 0.050
278891.083 5112816.254 554.421 -102.731 0.050
274962.776 5112962.576 503.371 -72.199 0.050
272493.524 5113040.530 482.681 -55.638 0.050
266537.078 5113326.193 425.670 15.711 0.050
271798.806 5113324.104 479.713 -52.965 0.050
266460.573 5113507.740 419.540 22.811 0.050
274351.559 5113424.583 471.326 -42.518 0.050
278002.822 5113433.682 502.949 -61.136 0.050
271053.699 5113588.650 463.690 -36.189 0.050
272554.199 5113589.527 448.760 -23.005 0.050
266276.398 5113811.420 401.970 42.355 0.050
265957.570 5113877.628 374.390 73.334 0.050
278458.027 5113694.915 482.980 -42.970 0.050
269860.161 5113941.930 433.040 -4.519 0.050
277510.637 5113843.361 477.100 -41.623 0.050
278621.316 5113861.791 487.060 -46.683 0.050
274881.815 5113944.447 460.621 -33.423 0.050
275212.763 5113988.033 460.814 -33.867 0.050
271424.941 5114161.631 452.260 -27.178 0.050
276434.612 5114064.326 464.780 -36.394 0.050
273215.228 5114146.870 453.200 -29.377 0.050
276534.993 5114082.382 465.890 -36.760 0.050
265821.351 5114590.525 341.400 110.240 0.050
271383.294 5114592.580 449.220 -24.482 0.050
277652.867 5114470.781 476.100 -45.555 0.050
270474.502 5114670.248 444.180 -17.055 0.050
276434.327 5114564.481 472.550 -46.382 0.050
278374.164 5114526.783 475.320 -42.019 0.050
273424.927 5114642.955 428.035 -4.401 0.050
269726.088 5114764.808 435.580 -5.800 0.050
272095.975 5114718.784 461.130 -37.577 0.050
268276.723 5114822.960 388.800 48.528 0.050
267197.532 5114883.925 406.290 36.412 0.050
274629.511 5114859.628 446.090 -23.311 0.050
279029.547 5114794.125 460.810 -25.859 0.050
273940.140 5114903.031 423.190 -0.469 0.050
266750.649 5115052.657 360.380 87.313 0.050
273000.392 5114931.290 421.712 1.411 0.050
266081.051 5115085.663 358.990 93.317 0.050
269400.955 5115021.206 434.210 -2.444 0.050
271101.853 5115038.190 444.280 -18.497 0.050
277751.993 5114938.992 475.270 -47.771 0.050
266032.993 5115186.631 358.980 94.276 0.050
273483.083 5115061.958 421.760 0.729 0.050
272193.545 5115107.015 459.780 -36.693 0.050
275373.345 5115045.237 445.970 -23.352 0.050
276483.262 5115023.668 464.270 -39.792 0.050
276733.243 5115018.809 466.880 -42.055 0.050
270483.824 5115150.227 439.220 -11.271 0.050
272454.114 5115131.963 452.370 -29.305 0.050
267614.704 5115245.956 417.370 23.988 0.050
274804.940 5115136.306 448.040 -26.203 0.050
268056.438 5115327.410 418.330 21.065 0.050
270107.336 5115337.599 438.400 -8.879 0.050
274497.681 5115282.320 418.140 3.358 0.050
267388.205 5115430.416 417.830 25.919 0.050
276708.298 5115279.372 465.340 -41.479 0.050
271449.217 5115411.568 445.960 -20.646 0.050
277968.778 5115284.881 461.230 -33.838 0.050
270929.630 5115441.668 434.890 -7.782 0.050
274659.419 5115369.205 418.370 3.639 0.050
270560.230 5115478.853 440.340 -12.010 0.050
275670.709 5115419.574 441.930 -20.485 0.050
275310.929 5115436.569 438.960 -17.743 0.050
268222.065 5115614.294 421.040 18.498 0.050
269092.619 5115627.398 428.000 6.759 0.050
276452.788 5115514.407 451.410 -28.866 0.050
267643.635 5115705.555 416.350 27.124 0.050
272675.175 5115697.852 433.160 -10.142 0.050
268585.743 5115797.297 425.730 12.415 0.050
267686.158 5115834.774 398.510 45.213 0.050
273815.886 5115715.700 413.790 7.342 0.050
267146.754 5115875.260 383.700 64.781 0.050
271816.969 5115804.555 454.490 -29.026 0.050
276017.680 5115772.940 425.880 -4.659 0.050
278048.685 5115793.476 444.590 -19.598 0.050
266149.494 5116034.674 365.247 92.093 0.050
268560.017 5116017.873 423.360 15.327 0.050
269950.356 5116010.874 435.880 -4.308 0.050
267321.023 5116091.953 381.280 67.037 0.050
276681.518 5115960.096 439.750 -18.919 0.050
274652.246 5116029.550 410.760 8.846 0.050
269283.100 5116163.883 429.700 5.882 0.050
273272.914 5116086.365 417.560 4.771 0.050
275883.132 5116055.640 417.460 2.508 0.050
272533.927 5116150.742 447.830 -24.101 0.050
273544.841 5116181.113 413.010 8.563 0.050
267255.879 5116343.307 409.450 39.965 0.050
276355.430 5116166.496 425.220 -5.349 0.050
267976.249 5116349.322 421.230 22.968 0.050
278306.246 5116178.583 424.440 -0.466 0.050
269798.909 5116453.965 432.160 1.973 0.050
274208.688 5116368.274 410.690 8.984 0.050
275618.983 5116360.867 410.170 9.075 0.050
276890.444 5116416.173 410.900 8.789 0.050
275452.494 5116544.159 407.570 11.103 0.050
278663.021 5116521.747 423.920 -0.743 0.050
267333.841 5116751.938 413.900 37.358 0.050
272673.830 5116658.188 452.500 -28.505 0.050
269194.371 5116745.805 428.000 9.973 0.050
266416.579 5116909.804 416.565 43.283 0.050
270516.653 5116840.155 436.260 -4.166 0.050
275276.783 5116767.643 402.870 15.095 0.050
272317.542 5116855.174 459.210 -34.184 0.050
273718.048 5116857.963 493.950 -71.608 0.050
274498.194 5116852.801 426.090 -6.695 0.050
267468.888 5117009.406 414.640 36.822 0.050
276299.238 5116877.804 403.870 13.762 0.050
270879.747 5116993.153 436.420 -5.229 0.050
268700.215 5117055.510 425.720 17.006 0.050
269401.358 5117101.908 428.290 9.972 0.050
277750.876 5116939.604 401.350 17.827 0.050
267971.790 5117149.690 413.950 34.426 0.050
268141.785 5117146.387 415.790 31.456 0.050
270012.308 5117140.053 432.420 3.124 0.050
278912.140 5116987.039 415.210 6.494 0.050
267193.168 5117234.841 401.880 53.372 0.050
267223.556 5117254.257 403.760 51.651 0.050
275273.393 5117107.815 402.120 15.765 0.050
276194.301 5117139.924 403.740 13.301 0.050
271405.360 5117273.035 436.100 -6.478 0.050
277976.693 5117235.301 399.130 19.107 0.050
276986.965 5117264.552 399.010 17.931 0.050
267228.607 5117514.252 400.600 56.443 0.050
268829.149 5117513.164 422.970 21.140 0.050
274990.606 5117483.428 432.270 -13.718 0.050
273381.286 5117544.728 448.520 -25.913 0.050
273771.653 5117557.145 454.090 -33.052 0.050
277002.020 5117524.338 400.440 15.450 0.050
275812.301 5117557.478 407.240 9.760 0.050
273993.001 5117622.863 452.700 -31.883 0.050
269963.581 5117721.198 428.960 9.063 0.050
271544.489 5117740.487 433.680 -3.935 0.050
271585.264 5117779.708 432.760 -2.969 0.050
272955.781 5117783.074 431.660 -7.191 0.050
270386.286 5117853.030 431.660 4.620 0.050
277566.061 5117723.431 397.600 18.100 0.050
270936.653 5117862.339 432.600 0.651 0.050
268346.935 5117922.674 364.080 87.278 0.050
273388.674 5117924.707 431.560 -8.056 0.050
274338.619 5117906.236 447.340 -27.510 0.050
274488.610 5117903.319 445.080 -25.526 0.050
278048.357 5117834.085 397.500 18.429 0.050
275090.517 5117991.646 431.640 -13.110 0.050
275340.695 5117996.783 429.390 -11.204 0.050
267811.613 5118173.162 348.350 109.839 0.050
274511.914 5118072.920 437.810 -18.443 0.050
276142.780 5118091.218 420.540 -3.327 0.050
276772.929 5118088.964 404.400 11.660 0.050
277742.856 5118070.097 397.670 17.504 0.050
272223.594 5118197.441 417.680 10.608 0.050
278514.544 5118145.111 382.820 32.933 0.050
278804.520 5118139.469 383.800 32.599 0.050
273735.266 5118258.077 422.960 -0.479 0.050
275445.356 5118234.823 436.200 -18.404 0.050
275805.915 5118257.819 430.620 -13.497 0.050
277956.924 5118275.995 395.630 19.008 0.050
275507.297 5118333.649 433.700 -16.158 0.050
274928.112 5118384.927 429.620 -10.743 0.050
276129.200 5118421.584 426.570 -10.076 0.050
271550.041 5118540.646 413.660 19.084 0.050
273311.123 5118566.422 404.520 20.663 0.050
276924.007 5118656.199 419.690 -4.052 0.050
270674.549 5118787.746 355.850 84.077 0.050
274394.368 5118715.409 415.710 5.287 0.050
276504.231 5118674.369 423.800 -7.738 0.050
275306.063 5118787.705 420.090 -1.724 0.050
276797.129 5118818.716 421.270 -5.615 0.050
278727.563 5118811.164 378.050 35.999 0.050
275657.985 5118880.890 417.760 -0.365 0.050
277717.838 5118840.815 406.790 7.303 0.050
268608.697 5119037.980 422.450 33.937 0.050
272438.945 5118983.514 401.360 29.481 0.050
272330.117 5119045.650 405.420 25.647 0.050
276329.885 5118967.850 421.170 -4.761 0.050
278399.730 5118927.577 379.060 35.154 0.050
268070.654 5119148.475 420.060 41.183 0.050
277180.214 5118971.312 420.080 -5.002 0.050
276772.967 5119119.279 422.300 -6.804 0.050
278754.177 5119150.747 376.060 37.655 0.050
277715.233 5119220.980 421.900 -7.647 0.050
268656.083 5119417.193 411.850 47.293 0.050
275486.751 5119334.363 414.460 4.048 0.050
269328.009 5119504.164 422.250 31.379 0.050
271848.891 5119505.159 378.700 57.764 0.050
277018.592 5119404.588 419.100 -3.856 0.050
272829.429 5119516.098 405.530 24.709 0.050
269659.749 5119587.745 420.730 31.054 0.050
276359.417 5119457.427 413.970 2.524 0.050
267180.586 5119675.960 492.930 -17.218 0.050
268350.951 5119673.214 428.600 35.647 0.050
275143.582 5119691.150 415.100 4.652 0.050
275593.943 5119702.393 374.780 44.478 0.050
278973.696 5119636.620 375.570 37.387 0.050
277484.396 5119695.615 422.340 -7.885 0.050
277864.757 5119708.219 418.800 -4.813 0.050
270976.900 5119932.257 370.210 74.592 0.050
275966.838 5119845.185 389.440 28.788 0.050
268168.538 5120066.900 434.120 35.556 0.050
275728.215 5119919.850 387.210 32.019 0.050
279038.362 5119875.433 374.320 38.467 0.050
272149.575 5120049.495 375.680 61.123 0.050
277229.281 5119950.657 415.470 -0.531 0.050
267440.497 5120181.092 453.420 25.293 0.050
277530.232 5119994.815 423.470 -9.370 0.050
274850.604 5120056.965 411.510 10.934 0.050
274181.420 5120109.999 405.990 19.610 0.050
277941.174 5120036.831 418.260 -4.929 0.050
276181.688 5120091.082 399.000 18.699 0.050
272612.084 5120170.541 382.240 53.238 0.050
267642.827 5120297.201 445.450 32.109 0.050
275295.248 5120288.389 412.340 8.083 0.050
275165.839 5120320.917 404.540 17.538 0.050
273555.734 5120342.244 389.980 40.034 0.050
267126.335 5120487.309 473.550 11.109 0.050
278865.968 5120268.905 373.100 40.177 0.050
277437.440 5120366.734 416.650 -2.494 0.050
269938.994 5120572.658 416.260 41.044 0.050
268949.216 5120601.913 431.910 34.345 0.050
276289.077 5120469.111 420.050 -1.876 0.050
278588.911 5120424.343 373.690 39.705 0.050
271399.528 5120574.258 409.830 34.652 0.050
276599.251 5120473.077 417.100 -0.602 0.050
271871.843 5120685.110 370.030 71.978 0.050
273203.729 5120759.228 389.990 43.792 0.050
272544.149 5120792.069 385.100 53.084 0.050
276313.941 5120718.705 415.000 4.153 0.050
266394.900 5120941.693 439.370 59.093 0.050
274536.190 5120863.341 377.260 49.859 0.050
277036.812 5120854.680 423.100 -6.819 0.050
270349.097 5121084.861 424.430 33.301 0.050
277568.916 5120954.355 420.540 -5.688 0.050
275069.274 5121013.017 392.490 32.288 0.050
267100.143 5121198.077 458.810 34.441 0.050
268750.113 5121165.984 445.820 27.820 0.050
277170.113 5121022.138 424.550 -8.432 0.050
278850.377 5121009.430 406.310 5.852 0.050
278720.971 5121041.958 407.140 5.157 0.050
271351.981 5121215.401 410.200 39.214 0.050
278353.531 5121179.152 414.840 -1.536 0.050
271484.506 5121342.866 402.690 47.305 0.050
277254.195 5121230.566 425.320 -9.163 0.050
278354.115 5121209.150 414.200 -0.786 0.050
273955.174 5121334.798 417.780 14.269 0.050
268355.763 5121463.759 434.620 47.084 0.050
270105.719 5121429.715 466.740 -4.107 0.050
278805.249 5121260.384 406.920 5.634 0.050
273315.790 5121377.253 418.550 17.105 0.050
273905.760 5121365.770 418.220 14.300 0.050
265626.962 5121576.857 478.243 39.268 0.050
275707.606 5121430.729 383.880 39.502 0.050
270758.812 5121577.063 434.970 22.902 0.050
279008.348 5121416.477 403.740 8.364 0.050
277669.033 5121472.566 420.130 -4.538 0.050
274470.792 5121614.857 436.030 -6.027 0.050
267351.421 5121773.401 456.810 40.459 0.050
274931.545 5121645.901 432.770 -5.151 0.050
277481.578 5121606.256 429.600 -13.394 0.050
271362.099 5121735.382 406.670 47.368 0.050
277901.743 5121608.077 415.550 -0.367 0.050
266922.593 5121841.765 462.630 41.122 0.050
270252.525 5121776.980 484.720 -20.666 0.050
271782.667 5121757.207 402.720 46.176 0.050
278513.645 5121696.192 409.150 4.641 0.050
276564.950 5121794.157 416.580 3.143 0.050
270396.218 5121964.250 481.020 -16.714 0.050
272866.126 5121916.181 423.980 18.365 0.050
278596.170 5121824.624 408.940 4.744 0.050
274967.383 5121945.300 443.400 -15.384 0.050
266477.849 5122120.516 474.140 39.391 0.050
275017.770 5121964.325 443.630 -15.411 0.050
273328.051 5122007.223 426.250 12.516 0.050
271159.502 5122119.455 424.580 34.266 0.050
278169.123 5121982.987 414.810 0.534 0.050
277770.321 5122050.772 430.680 -14.243 0.050
268141.525 5122278.219 399.680 93.935 0.050
278741.807 5122111.876 408.890 4.480 0.050
275272.233 5122189.445 438.810 -11.152 0.050
277712.662 5122171.932 431.430 -14.802 0.050
277922.842 5122177.842 435.450 -19.775 0.050
272693.335 5122289.668 424.840 21.068 0.050
271923.756 5122324.655 414.700 38.972 0.050
269274.032 5122386.229 465.050 15.644 0.050
274703.823 5122280.538 437.680 -6.245 0.050
274325.011 5122347.933 438.440 -4.665 0.050
277265.419 5122320.685 432.730 -14.414 0.050
272926.245 5122435.185 423.600 22.031 0.050
271446.693 5122483.993 429.080 30.299 0.050
277126.792 5122393.407 429.140 -9.969 0.050
269917.519 5122553.769 492.150 -17.210 0.050
277478.131 5122456.586 439.570 -21.416 0.050
275828.821 5122518.716 426.170 0.202 0.050
273249.151 5122578.949 429.880 13.418 0.050
273929.119 5122565.710 436.370 2.029 0.050
276729.934 5122561.186 419.200 3.078 0.050
278569.806 5122525.351 425.730 -11.019 0.050
271912.127 5122755.028 423.120 34.503 0.050
276262.106 5122680.332 418.700 5.884 0.050
277723.958 5122751.891 449.400 -31.856 0.050
274635.120 5122862.065 434.010 1.080 0.050
277195.162 5122822.210 430.260 -9.802 0.050
273175.580 5122910.491 421.750 25.562 0.050
278506.629 5122876.688 441.100 -26.025 0.050
270737.228 5123037.990 499.920 -28.960 0.050
275747.979 5122990.441 426.410 2.021 0.050
277938.033 5122957.786 451.200 -33.856 0.050
269918.613 5123123.949 470.690 10.530 0.050
277828.431 5122979.927 452.500 -35.213 0.050
278888.354 5122959.279 436.000 -21.870 0.050
271668.949 5123109.882 446.160 16.949 0.050
270589.957 5123180.905 490.450 -16.836 0.050
272539.890 5123142.943 410.850 44.378 0.050
278449.945 5123047.844 450.070 -34.136 0.050
273640.426 5123151.523 435.610 9.628 0.050
275371.312 5123167.832 431.380 0.207 0.050
278391.313 5123119.008 450.020 -33.824 0.050
276891.610 5123158.226 423.430 0.210 0.050
278822.060 5123150.628 439.270 -24.346 0.050
275123.273 5123272.695 433.600 0.702 0.050
267943.907 5123432.482 442.080 68.196 0.050
275514.031 5123305.097 430.610 1.405 0.050
270484.827 5123433.040 475.070 2.807 0.050
278084.452 5123285.036 457.640 -39.817 0.050
274825.237 5123378.532 436.110 0.283 0.050
276385.343 5123358.148 423.110 4.163 0.050
277536.438 5123395.743 441.730 -20.280 0.050
276677.468 5123462.493 420.280 5.965 0.050
278557.535 5123435.868 453.960 -37.675 0.050
277319.764 5123570.018 429.620 -6.317 0.050
277900.115 5123578.717 454.230 -34.204 0.050
269940.682 5123743.739 437.360 50.634 0.050
274180.528 5123661.178 441.120 3.079 0.050
274601.286 5123692.996 434.240 6.780 0.050
271535.115 5123942.775 471.160 0.643 0.050
268605.966 5124039.821 436.230 71.179 0.050
274465.773 5123925.711 437.340 6.650 0.050
278237.106 5123932.262 453.740 -33.538 0.050
273307.969 5124058.299 429.700 25.519 0.050
278679.802 5124063.679 466.670 -48.876 0.050
274236.134 5114177.056 460.400 -35.739 0.050
266237.073 5114362.378 348.440 99.981 0.050
278836.348 5114117.686 479.440 -40.089 0.050
278217.376 5114179.729 485.700 -50.360 0.050
271708.422 5114336.185 448.150 -23.769 0.050
270878.852 5114372.301 446.490 -20.676 0.050
267019.966 5114497.235 380.220 63.362 0.050
275689.527 5114328.877 476.300 -50.337 0.050
265830.380 5114540.332 356.200 94.848 0.050
268920.294 5114480.352 419.400 13.505 0.050
277642.243 5122716.471 449.090 -31.257 0.050
276123.739 5114487.491 475.110 -49.121 0.050
269904.673 5114328.195 437.980 -9.058 0.050
265193.451 5113112.175 340.210 108.655 0.050
277084.805 5119260.256 418.990 -3.744 0.050
274211.228 5117116.461 482.410 -63.002 0.050
272536.955 5120782.206 387.550 50.893 0.050
268190.356 5118461.906 417.840 37.311 0.050
267993.216 5122008.006 425.330 66.381 0.050
264845.210 5120215.541 483.740 26.418 0.050
264867.219 5120164.094 482.257 26.993 0.050
264895.189 5120110.530 480.634 27.590 0.050
264927.314 5120064.889 479.759 27.530 0.050
264968.536 5120024.073 478.799 27.446 0.050
265018.739 5119982.082 477.154 27.788 0.050
265055.059 5119946.363 475.737 28.195 0.050
265101.242 5119903.449 473.525 29.060 0.050
265149.581 5119868.497 474.013 27.842 0.050
265202.842 5119829.447 473.129 27.649 0.050
265257.453 5119808.379 471.824 27.771 0.050
265311.909 5119779.310 469.625 28.622 0.050
265361.150 5119739.338 470.147 27.184 0.050
265405.373 5119698.464 470.129 26.220 0.050
265449.789 5119667.589 469.832 25.513 0.050
265498.953 5119623.618 470.845 23.481 0.050
265543.272 5119587.743 471.833 21.464 0.050
265587.397 5119541.869 473.080 19.308 0.050
265631.620 5119500.995 474.781 16.627 0.050
265675.745 5119455.120 476.509 13.887 0.050
265715.064 5119419.343 478.000 11.550 0.050
265757.111 5119369.508 479.503 9.006 0.050
265803.217 5119322.595 480.791 6.674 0.050
265842.439 5119281.818 481.540 4.975 0.050
265871.370 5119226.235 483.329 2.372 0.050
265900.301 5119170.653 483.982 0.801 0.050
265919.232 5119115.265 485.448 -1.300 0.050
265927.027 5119053.090 486.339 -2.914 0.050
265928.841 5118992.033 487.863 -5.055 0.050
265976.160 5118956.100 490.976 -9.078 0.050
266025.441 5118918.129 495.199 -14.187 0.050
266074.857 5118887.158 499.834 -19.868 0.050
266126.468 5118866.147 505.625 -26.634 0.050
266180.690 5118825.079 510.620 -32.737 0.050
266217.912 5118784.341 513.079 -36.099 0.050
266261.979 5118735.467 512.821 -36.812 0.050
266305.007 5118684.613 511.760 -36.725 0.050
264811.202 5120267.221 484.981 26.351 0.050
264774.076 5120312.960 487.832 24.599 0.050
264727.893 5120355.873 491.169 22.528 0.050
264673.379 5120381.943 496.716 18.001 0.050
264618.768 5120403.012 501.877 13.604 0.050
264584.662 5120449.692 504.500 11.692 0.050
264548.576 5120497.411 508.508 8.808 0.050
264510.450 5120543.169 511.520 6.921 0.050
264479.325 5120588.792 512.695 6.813 0.050
264438.297 5120639.608 515.193 5.557 0.050
264388.725 5120662.580 517.465 4.048 0.050
264339.172 5120686.552 519.605 2.483 0.050
264287.658 5120712.563 521.995 1.213 0.050
266359.801 5118621.526 508.242 -33.898 0.050
266663.716 5118405.544 453.457 16.102 0.050
266715.229 5118379.534 449.934 18.920 0.050
266754.548 5118343.757 442.534 25.970 0.050
266801.731 5118300.825 433.523 34.003 0.050
266855.070 5118265.776 427.450 39.533 0.050
266910.408 5118230.689 418.638 47.128 0.050
266958.883 5118202.737 412.083 53.067 0.050
267003.241 5118168.863 407.494 57.410 0.050
267055.560 5118132.834 405.326 58.763 0.050
267109.032 5119597.323 493.970 -18.354 0.050
267074.963 5119542.965 494.060 -18.612 0.050
267034.089 5119498.743 496.776 -21.295 0.050
266992.273 5119457.541 498.331 -22.788 0.050
266955.399 5119413.241 498.142 -22.655 0.050
266919.467 5119365.922 499.796 -24.259 0.050
266883.592 5119321.603 501.736 -26.266 0.050
266842.621 5119272.382 502.324 -26.901 0.050
266801.747 5119228.160 504.032 -28.510 0.050
266750.970 5119189.132 504.941 -29.275 0.050
266710.096 5119144.910 505.451 -29.968 0.050
266669.319 5119105.688 506.911 -31.398 0.050
266628.504 5119064.466 508.053 -32.590 0.050
266605.474 5119011.895 508.479 -33.299 0.050
266593.405 5118957.109 508.639 -33.909 0.050
266583.337 5118902.285 509.580 -35.407 0.050
266554.365 5118852.830 510.721 -36.809 0.050
266508.647 5118816.705 510.619 -36.426 0.050
266463.103 5118789.580 510.263 -35.885 0.050
266406.677 5118768.669 510.859 -36.133 0.050
266367.744 5118721.408 511.450 -36.807 0.050
266320.734 5118670.302 511.073 -36.269 0.050
266271.997 5118633.235 510.124 -35.163 0.050
266224.317 5118599.149 508.809 -33.453 0.050
266168.638 5118565.218 504.418 -28.933 0.050
266116.211 5118544.229 502.917 -26.752 0.050
266168.928 5118477.181 497.457 -22.676 0.050
266121.404 5118451.094 496.306 -21.241 0.050
266075.588 5118409.969 495.936 -20.835 0.050
266034.753 5118367.747 495.380 -20.218 0.050
266003.588 5118308.331 491.885 -16.964 0.050
265969.675 5118261.972 488.970 -14.063 0.050
265931.743 5118214.692 486.410 -11.489 0.050
265907.636 5118158.139 483.155 -8.454 0.050
265879.665 5118108.665 479.124 -4.697 0.050
265836.732 5118061.481 476.893 -2.159 0.050
265797.762 5118012.220 473.789 0.825 0.050
265756.946 5117970.998 471.058 3.675 0.050
265708.111 5117928.931 467.518 7.298 0.050
265665.373 5117891.747 464.972 10.043 0.050
265626.539 5117849.486 462.564 12.534 0.050
265613.451 5117793.719 459.877 14.944 0.050
265614.363 5117737.681 457.419 16.929 0.050
265611.159 5117675.721 454.883 18.987 0.050
265605.993 5117615.799 452.150 21.247 0.050
265596.828 5117555.955 449.399 23.507 0.050
265602.701 5117497.820 447.546 24.877 0.050
265594.633 5117442.957 446.221 25.741 0.050
265553.623 5117391.734 446.021 25.977 0.050
265531.458 5117332.143 444.024 27.764 0.050
265527.390 5117277.202 442.103 29.322 0.050
265507.263 5117219.571 440.512 30.603 0.050
265458.089 5117108.485 439.570 31.195 0.050
265453.846 5117044.544 438.634 31.667 0.050
265452.603 5116980.545 437.526 32.213 0.050
265456.554 5116926.449 435.470 33.750 0.050
265445.350 5116864.644 434.022 34.756 0.050
265439.224 5116806.742 433.658 34.737 0.050
265426.913 5116687.937 434.049 33.649 0.050
265422.651 5116622.996 433.028 34.153 0.050
265424.544 5116565.939 433.507 33.304 0.050
265408.437 5116509.231 433.102 33.716 0.050
265382.272 5116449.717 432.770 33.579 0.050
265366.146 5116392.009 431.831 34.103 0.050
265345.079 5116337.398 431.812 33.992 0.050
265314.069 5116285.981 431.467 34.258 0.050
265282.963 5116229.564 431.109 34.512 0.050
265251.993 5116180.147 430.451 35.044 0.050
265211.119 5116135.925 430.427 35.164 0.050
265180.091 5116083.508 430.010 35.475 0.050
265149.120 5116034.091 429.840 35.579 0.050
265118.150 5115984.674 429.864 35.481 0.050
265087.141 5115933.257 431.414 33.887 0.050
265056.054 5115877.840 433.259 31.773 0.050
265023.239 5115836.462 430.383 34.290 0.050
264989.269 5115787.103 429.112 35.653 0.050
264963.162 5115730.589 426.593 37.853 0.050
264932.231 5115683.172 425.766 38.571 0.050
264891.261 5115633.949 425.681 38.714 0.050
264860.290 5115584.532 425.509 38.952 0.050
264829.320 5115535.115 424.522 39.852 0.050
264798.253 5115480.698 422.264 41.577 0.050
264777.186 5115426.086 422.934 40.810 0.050
264744.118 5115371.708 423.138 40.570 0.050
264715.148 5115322.252 423.035 40.779 0.050
264689.081 5115267.738 422.018 41.628 0.050
264674.916 5115207.991 419.717 43.573 0.050
264661.752 5115148.225 416.579 46.101 0.050
264645.685 5115093.516 413.252 49.035 0.050
264619.618 5115039.002 412.574 49.732 0.050
264598.550 5114984.391 411.250 50.535 0.050
264569.580 5114934.935 412.241 49.346 0.050
265091.272 5114084.506 344.770 108.421 0.050
265062.301 5114138.087 342.444 111.295 0.050
265033.156 5114182.669 344.025 110.174 0.050
264994.185 5114236.444 348.988 105.759 0.050
264958.155 5114287.161 353.059 102.278 0.050
264907.602 5114311.151 356.296 99.286 0.050
264845.778 5114321.354 360.848 95.169 0.050
264790.895 5114328.421 364.268 92.118 0.050
264735.935 5114331.488 368.231 88.460 0.050
264684.479 5114360.497 371.776 85.385 0.050
264628.906 5114383.583 375.479 82.237 0.050
264570.392 5114409.727 380.909 77.473 0.050
264522.072 5114445.678 383.850 75.067 0.050
264473.848 5114486.628 388.469 70.983 0.050
264419.140 5114502.695 388.702 70.756 0.050
264359.277 5114510.860 395.297 65.114 0.050
264299.277 5114512.024 398.212 62.453 0.050
265259.711 5114516.394 354.007 100.344 0.050
265215.877 5114474.229 353.410 101.070 0.050
265168.024 5114431.142 353.501 101.201 0.050
265134.996 5114378.764 352.651 101.814 0.050
265135.735 5114313.726 349.258 104.676 0.050
265149.706 5114260.436 347.813 106.161 0.050
265163.697 5114208.146 344.691 108.713 0.050
265132.921 5114168.728 342.139 111.190 0.050
265089.914 5114014.507 351.056 102.586 0.050
265076.692 5113951.741 355.722 98.053 0.050
265049.645 5113898.246 357.202 96.220 0.050
265004.908 5113861.101 358.293 94.741 0.050
264978.744 5113801.586 370.228 83.983 0.050
264902.484 5113738.043 374.196 78.792 0.050
264849.349 5113732.071 375.420 77.738 0.050
264813.516 5113689.751 372.540 80.419 0.050
264762.934 5113660.721 372.095 81.184 0.050
264710.353 5113631.730 370.094 83.491 0.050
264605.958 5113561.730 365.329 88.817 0.050
264562.969 5113511.545 364.012 90.224 0.050
264514.213 5113473.477 362.726 91.637 0.050
266460.881 5123870.498 493.190 43.466 0.050
265110.715 5122037.067 499.252 31.424 0.050
266300.404 5118653.691 510.493 -35.684 0.050
265549.235 5117371.812 445.274 26.496 0.050
275051.041 5112562.741 519.079 -87.212 0.050
264854.938 5120201.347 483.310 26.533 0.050
266601.261 5112715.734 440.132 -0.713 0.050
269073.708 5113932.189 424.478 7.466 0.050
270443.052 5113153.358 472.391 -43.749 0.050
275011.102 5112566.518 518.247 -84.094 0.050
274942.593 5112592.855 515.235 -81.757 0.050
274741.277 5112579.759 512.639 -79.361 0.050
274817.728 5112653.298 511.768 -79.266 0.050
274892.791 5112706.857 511.536 -79.061 0.050
274976.852 5112760.241 510.044 -77.527 0.050
274999.414 5112788.812 509.836 -76.980 0.050
274927.070 5112875.242 507.080 -75.279 0.050
274944.991 5112973.924 503.337 -72.317 0.050
274918.808 5113016.445 501.469 -70.543 0.050
274902.800 5113067.772 501.074 -70.278 0.050
274876.812 5113120.292 499.182 -68.836 0.050
274843.018 5113182.967 495.426 -65.972 0.050
274804.662 5113216.722 493.119 -63.558 0.050
274777.285 5113249.264 491.246 -61.499 0.050
274718.542 5113263.409 489.600 -59.821 0.050
274669.817 5113278.359 487.838 -58.229 0.050
274621.268 5113302.309 483.495 -54.142 0.050
274552.544 5113317.648 478.800 -49.219 0.050
274496.403 5113362.752 474.632 -45.287 0.050
274460.240 5113406.467 469.333 -40.531 0.050
274434.446 5113468.987 465.686 -36.978 0.050
274399.653 5113531.682 461.823 -33.080 0.050
274396.032 5113602.774 458.216 -29.867 0.050
274438.040 5113860.038 456.541 -29.515 0.050
274463.359 5113927.567 457.892 -31.266 0.050
274479.718 5113997.271 459.166 -32.894 0.050
274513.648 5114044.627 459.408 -33.329 0.050
274549.947 5114110.942 460.248 -34.475 0.050
274584.071 5114168.297 461.526 -35.945 0.050
274629.194 5114225.438 461.511 -36.173 0.050
274675.493 5114291.560 460.790 -35.613 0.050
274740.770 5114356.312 460.430 -35.372 0.050
274788.457 5114442.412 458.553 -33.918 0.050
274874.908 5114515.756 455.604 -31.388 0.050
274942.769 5114610.467 455.185 -31.251 0.050
274987.873 5114666.608 454.618 -30.779 0.050
275052.956 5114721.361 454.748 -30.905 0.050
275109.448 5114797.287 454.407 -30.849 0.050
275164.532 5114852.234 453.102 -29.616 0.050
275219.830 5114918.180 449.580 -26.445 0.050
275366.890 5115073.371 445.380 -22.806 0.050
275414.897 5115124.454 444.200 -22.015 0.050
275455.866 5115173.673 443.630 -21.373 0.050
275418.006 5115284.442 438.260 -16.374 0.050
275359.176 5115345.604 437.600 -16.001 0.050
275299.958 5115386.767 440.010 -18.387 0.050
275311.317 5115456.568 438.750 -17.486 0.050
275352.675 5115525.785 437.490 -16.474 0.050
275403.837 5115584.809 436.740 -15.996 0.050
275445.195 5115654.027 435.660 -15.023 0.050
275527.132 5115752.465 433.740 -13.345 0.050
275547.714 5115782.074 431.480 -11.132 0.050
275588.294 5115811.295 429.010 -8.263 0.050
275629.458 5115870.513 423.270 -3.075 0.050
275680.231 5115909.539 422.510 -2.105 0.050
275741.005 5115948.369 420.270 -0.034 0.050
275791.973 5115997.394 418.470 1.568 0.050
275842.941 5116046.419 417.090 2.715 0.050
275873.716 5116085.833 417.400 2.690 0.050
275824.497 5116126.802 415.490 4.334 0.050
275775.278 5116167.771 414.490 5.239 0.050
275736.448 5116228.544 412.560 6.910 0.050
275697.422 5116279.318 410.340 8.964 0.050
275628.399 5116330.675 410.200 9.160 0.050
275599.373 5116381.254 409.620 9.634 0.050
275560.153 5116422.029 408.350 10.880 0.050
275521.128 5116472.803 405.860 13.228 0.050
275462.104 5116523.966 406.870 12.073 0.050
275432.884 5116564.546 408.620 10.039 0.050
275403.664 5116605.127 408.460 9.944 0.050
275325.224 5116686.677 404.040 14.391 0.050
275247.173 5116788.225 402.440 15.611 0.050
275207.954 5116829.000 401.970 16.171 0.050
275150.096 5116940.159 402.320 15.732 0.050
275131.070 5116990.544 402.440 15.601 0.050
275141.847 5117030.347 402.770 15.245 0.050
275182.427 5117059.568 402.850 16.106 0.050
275223.396 5117108.787 402.790 15.953 0.050
275214.758 5117178.976 403.490 14.492 0.050
275146.318 5117260.332 406.200 12.037 0.050
275117.875 5117340.910 410.250 7.409 0.050
275039.436 5117422.460 423.330 -4.941 0.050
275000.216 5117463.235 430.820 -12.299 0.050
274890.807 5117495.372 444.190 -25.433 0.050
274832.366 5117576.534 445.530 -26.705 0.050
274783.536 5117637.502 444.560 -25.542 0.050
274735.094 5117718.469 443.300 -24.173 0.050
274664.515 5117689.832 446.630 -27.263 0.050
274623.740 5117650.612 448.170 -29.033 0.050
274575.299 5117731.579 448.220 -28.753 0.050
274557.244 5117831.962 447.340 -27.982 0.050
274488.415 5117893.320 445.290 -25.773 0.050
274539.385 5117942.344 443.890 -24.010 0.050
274491.332 5118043.310 440.130 -20.179 0.050
268700.791 5123463.767 434.030 65.681 0.050
271257.114 5123588.063 486.650 -15.820 0.050
273038.958 5123343.296 413.370 38.665 0.050
272538.651 5123747.172 427.760 32.264 0.050
273640.426 5123151.523 435.610 9.458 0.050
265204.257 5113101.962 340.990 108.164 0.050
276835.938 5123535.429 420.940 4.321 0.050
278756.991 5119757.873 375.360 38.788 0.050
278505.789 5122839.414 440.480 -241.830 0.012
273288.763 5118215.849 415.960 8.220 0.017
273944.357 5119127.291 401.830 21.970 0.019
271593.263 5117576.557 434.400 -5.233 0.014
265688.606 5113525.058 408.980 41.272 0.023
265354.157 5113327.939 338.440 109.911 0.013
265830.533 5113858.688 347.240 100.132 0.019
266115.693 5114061.864 357.750 89.513 0.029
266226.938 5114225.863 350.220 97.404 0.027
266802.719 5114424.193 362.510 82.621 0.018
267204.828 5114887.977 406.570 36.186 0.028
269150.003 5115908.121 428.170 7.170 0.021
269537.260 5116330.406 430.950 3.679 0.060
269804.952 5116484.750 432.420 1.631 0.022
270275.568 5116743.811 433.830 -0.959 0.034
270337.113 5116778.680 434.680 -2.004 0.024
271026.350 5117080.314 435.840 -5.051 0.019
271193.499 5117165.183 435.820 -5.127 0.030
271507.900 5117355.372 435.860 -6.724 0.036
271691.268 5117440.606 433.950 -5.613 0.049
272117.468 5117478.918 426.670 0.414 0.021
272015.671 5117466.671 428.240 -0.700 0.119
271898.760 5117463.460 430.310 -2.318 0.023
272216.055 5117504.431 425.810 0.991 0.037
272347.911 5117544.787 425.430 0.927 0.022
272453.588 5117575.775 425.660 0.343 0.028
272564.201 5117607.754 426.270 -0.626 0.039
272716.292 5117635.387 427.050 -1.945 0.018
272848.412 5117670.415 430.390 -5.666 0.040
272974.462 5117674.249 433.310 -9.050 0.037
273096.311 5117691.263 433.550 -9.719 0.021
273197.069 5117704.943 433.900 -10.404 0.020
273302.196 5117720.469 435.030 -11.842 0.037
273402.008 5117740.876 434.910 -12.030 0.058
273519.249 5117777.647 434.830 -12.321 0.016
273667.266 5117832.205 436.040 -13.910 0.031
273786.317 5117882.378 434.100 -12.298 0.048
273915.256 5117940.202 432.440 -10.913 0.036
274034.107 5117997.098 432.470 -11.269 0.026
274105.663 5118029.969 432.980 -11.962 0.088
274180.645 5118065.304 433.200 -12.432 0.024
274220.524 5118089.360 433.670 -13.062 0.052
274259.778 5118102.571 433.830 -13.283 0.018
274327.748 5118132.339 433.840 -13.471 0.034
274418.860 5118153.393 433.470 -12.102 0.056
274551.889 5118288.607 427.850 -7.951 0.029
274673.587 5118344.704 427.480 -8.553 0.037
274818.575 5118528.586 424.020 -4.684 0.048
274893.544 5118765.790 415.720 3.665 0.030
274964.945 5118853.468 415.090 4.324 0.036
275033.775 5118975.385 414.400 4.941 0.020
275196.654 5118751.811 419.690 -1.137 0.033
275329.762 5118822.569 419.690 -1.475 0.026
275946.964 5119838.919 389.300 28.747 0.027
276395.125 5120234.848 405.570 11.745 0.043
276547.830 5120440.407 417.970 -1.002 0.025
276714.424 5120623.862 419.770 -2.943 0.024
277316.753 5121355.303 425.790 -9.640 0.027
277533.774 5121677.904 430.080 -14.133 0.015
277558.896 5121722.192 429.990 -13.995 0.013
277698.708 5121965.693 427.050 -11.124 0.027
277962.459 5122336.282 442.000 -25.066 0.031
278068.369 5122549.157 443.000 -26.709 0.039
278262.985 5122809.276 455.000 -38.299 0.022
278782.102 5123436.695 451.390 -35.991 0.026
270947.669 5119882.880 370.570 70.700 0.043
271009.959 5119836.641 368.720 74.793 0.040
271129.076 5119806.115 369.820 73.147 0.042
271233.281 5119784.661 371.500 70.465 0.043
271368.335 5119782.764 373.800 67.216 0.048
271574.466 5119577.558 375.950 63.003 0.046
271760.196 5119489.001 376.280 60.289 0.055
271831.719 5119408.805 377.330 58.657 0.049
271907.674 5119347.307 379.360 56.154 0.040
272077.687 5119186.582 382.680 51.679 0.049
272152.702 5119075.485 385.210 47.877 0.080
272585.335 5118984.718 403.960 29.737 0.058
272640.096 5118937.271 403.980 25.075 0.046
273080.972 5118683.322 403.650 23.236 0.039
271835.716 5119509.661 378.250 57.739 0.014
272809.256 5116456.638 455.130 -32.069 0.026
274602.328 5117648.282 449.010 -29.599 0.014
273317.701 5118551.243 405.500 19.339 0.021
273627.381 5118525.849 414.430 9.099 0.017
273710.088 5118314.238 421.320 2.678 0.019
273864.950 5118156.108 425.740 -3.843 0.032
274105.663 5118029.969 432.980 -11.959 0.014
274359.118 5117942.790 444.450 -24.567 0.020
274481.091 5117893.951 445.590 -26.099 0.014
274550.123 5117822.653 447.700 -28.315 0.023
274705.980 5117755.935 442.690 -23.606 0.020
274726.438 5117711.893 443.340 -24.264 0.024
274820.418 5117589.232 445.300 -26.463 0.018
274892.233 5117516.255 444.240 -25.593 0.018
274958.381 5117511.262 440.580 -22.069 0.021
274969.705 5117476.593 435.870 -17.275 0.020
275034.311 5117435.987 425.190 -6.549 0.024
275140.707 5117281.866 407.130 11.208 0.020
275214.801 5117178.763 403.490 14.464 0.038
270465.566 5120211.692 405.050 44.606 0.019
270324.986 5120260.833 416.040 35.028 0.042
270242.268 5120379.994 417.510 35.212 0.026
270035.978 5120504.750 418.480 37.142 0.028
269869.550 5120635.093 405.930 52.431 0.032
269689.000 5120892.282 422.880 39.181 0.020
269315.402 5120996.150 442.060 24.424 0.022
269100.192 5121085.268 447.980 21.297 0.042
268885.028 5121084.494 446.440 24.875 0.030
268733.755 5121158.783 445.920 27.587 0.015
268682.393 5121220.835 446.330 28.296 0.028
268610.915 5121316.950 443.800 32.465 0.035
268417.074 5121411.185 431.390 48.244 0.029
268333.966 5121496.683 434.690 46.745 0.033
268265.391 5121531.199 423.680 59.160 0.032
268158.271 5121541.566 407.170 77.119 0.026
267924.999 5121635.538 393.030 95.583 0.021
267821.083 5121684.588 414.310 75.638 0.025
267733.436 5121685.964 419.510 71.592 0.044
267540.365 5121773.492 453.490 40.820 0.021
267442.201 5121762.849 455.140 40.484 0.020
267350.594 5121792.023 457.290 39.958 0.036
267238.483 5121863.561 457.410 42.136 0.023
267148.002 5121821.007 459.210 41.024 0.029
267036.791 5121807.677 457.070 44.480 0.021
266905.720 5121833.817 462.680 41.028 0.026
266827.647 5121892.769 463.890 41.625 0.020
266731.871 5121958.688 465.850 41.734 0.024
266619.294 5122025.277 471.300 38.777 0.026
275192.722 5116876.159 401.660 16.373 0.075
275269.944 5116756.042 403.080 14.963 0.098
275354.948 5116658.827 405.220 13.041 0.063
275456.218 5116539.911 407.410 11.271 0.034
275619.573 5116348.889 410.410 8.898 0.142
275741.964 5116212.188 413.000 6.522 0.028
275879.459 5116058.031 417.330 2.585 0.020
275960.814 5115967.577 420.870 -0.693 0.032
276053.545 5115888.026 422.040 -1.636 0.022
276259.996 5115697.042 442.630 -21.522 0.026
276408.642 5115509.618 450.640 -28.404 0.042
276673.686 5115458.916 458.520 -35.723 0.018
276797.591 5115380.219 460.660 -37.327 0.042
276958.204 5115306.439 463.760 -39.854 0.115
277137.388 5115218.976 469.820 -45.182 0.023
277207.786 5115148.799 470.010 -44.871 0.027
277379.192 5115100.058 472.530 -46.837 0.049
277488.202 5115049.188 474.350 -47.966 0.033
277667.649 5114947.132 476.320 -48.843 0.027
278043.852 5114725.351 471.910 -41.494 0.037
278145.797 5114654.457 472.770 -41.457 0.033
278254.129 5114579.728 473.700 -41.413 0.031
278466.705 5114464.280 474.030 -39.713 0.043
278691.725 5114328.916 474.760 -38.048 0.034
278796.055 5114223.892 478.110 -40.042 0.037
278857.864 5114158.555 479.110 -40.146 0.044
278903.051 5114085.157 477.550 -37.718 0.037
271855.183 5119497.964 378.980 56.844 0.012
271810.967 5119474.485 376.850 59.259 0.008
271700.992 5119295.421 377.480 58.513 0.025
271592.054 5119377.983 376.780 60.052 0.016
271174.878 5119316.836 406.830 31.308 0.020
271001.616 5119166.643 367.590 71.668 0.019
270960.032 5119029.712 363.290 75.583 0.019
270575.656 5118823.565 357.510 83.079 0.011
270796.115 5118579.714 355.240 82.976 0.020
271010.372 5118434.699 418.740 16.283 0.024
271222.170 5118107.059 431.430 1.150 0.020
271649.098 5118129.558 422.530 8.139 0.012
271571.089 5117789.071 432.860 -3.080 0.012
272211.911 5118369.002 411.160 17.742 0.011
272227.832 5118201.239 417.710 10.526 0.021
272242.997 5117720.090 419.650 7.493 0.020
272803.473 5117872.151 423.830 1.260 0.020
272527.268 5117821.282 423.450 2.624 0.019
272535.915 5117967.250 419.540 6.772 0.018
272585.776 5118045.326 417.470 8.752 0.015
272681.596 5118108.801 417.180 8.848 0.013
272817.144 5118141.123 415.310 10.301 0.020
272904.919 5118379.421 408.500 17.469 0.017
272585.335 5118984.718 403.960 25.304 0.014
272273.784 5118840.147 404.310 25.993 0.016
271708.585 5119091.779 410.420 23.657 0.016
271744.885 5118926.633 409.540 23.823 0.012
271754.813 5118901.737 409.250 23.967 0.018
272031.729 5119033.345 386.200 46.411 0.026
272189.736 5119364.189 381.120 52.209 0.017
271978.256 5119402.504 379.490 55.223 0.011
271907.674 5119347.307 379.360 55.523 0.027
271800.550 5119250.670 378.560 56.417 0.015
273060.661 5117920.025 423.210 1.208 0.021
273075.390 5118121.681 416.380 8.412 0.014
273152.626 5118266.640 415.310 9.506 0.019
273241.782 5118421.717 409.930 14.887 0.021
273317.701 5118551.243 405.500 19.337 0.016
273370.859 5118648.159 403.770 21.083 0.012
273438.358 5118741.846 402.050 22.755 0.014
273531.800 5118811.053 403.000 21.647 0.018
273781.124 5118994.147 400.610 23.524 0.015
274100.424 5118926.027 405.580 17.030 0.020
274199.207 5118696.075 409.650 12.077 0.017
274221.058 5118304.926 423.820 -2.838 0.012
274051.516 5118452.209 422.210 -0.626 0.019
273745.256 5118698.982 413.210 10.150 0.033
273627.381 5118525.849 414.430 9.055 0.025
273785.174 5118427.267 416.410 6.170 0.018
273710.088 5118314.238 421.320 1.333 0.024
273864.950 5118156.108 425.740 -3.886 0.019
273670.412 5117976.710 435.790 -13.605 0.020
273346.665 5117917.702 431.850 -8.645 0.022
273408.209 5118155.915 418.230 5.326 0.011
273227.228 5118919.052 399.430 26.756 0.031
274548.168 5118226.502 429.730 -9.934 0.018
274447.036 5118268.392 427.780 -7.625 0.018
274640.248 5118450.353 421.480 -1.717 0.012
274730.378 5118519.981 420.670 -1.053 0.010
274422.721 5118383.032 421.710 -1.324 0.018
274522.224 5118384.439 423.680 -3.576 0.022
274495.910 5118502.281 420.430 -0.117 0.017
274461.217 5118635.727 416.480 4.198 0.021
274517.913 5118762.559 415.060 5.627 0.017
274531.092 5118991.433 408.930 12.078 0.020
274418.384 5119455.992 403.420 18.821 0.019
274545.912 5119502.101 407.980 13.642 0.016
274183.884 5120133.636 404.880 20.753 0.018
273662.082 5119603.118 402.120 23.610 0.018
272787.716 5119486.738 404.490 25.377 0.012
272581.080 5119538.835 387.450 44.164 0.019
272404.733 5119598.558 384.830 48.220 0.009
271924.152 5119780.630 375.940 60.736 0.035
271709.975 5119899.163 373.820 64.876 0.032
271528.999 5119983.689 372.700 67.813 0.015
271253.301 5119988.932 370.670 72.012 0.013
272035.447 5117426.283 429.890 -2.631 0.018
272046.714 5117306.643 445.580 -18.702 0.012
272161.147 5117416.402 431.520 -4.790 0.012
272362.283 5117422.707 431.510 -5.519 0.015
272527.407 5117443.208 432.510 -7.096 0.018
272627.940 5117432.651 432.830 -7.828 0.012
272716.679 5117318.423 442.130 -17.694 0.017
272789.269 5117225.072 451.040 -27.090 0.022
272891.213 5117149.430 455.140 -31.600 0.017
272958.059 5117100.705 457.610 -34.342 0.019
272832.432 5116917.550 455.660 -32.172 0.020
272726.930 5116746.882 452.040 -28.408 0.015
272631.501 5116870.627 452.050 -27.965 0.020
272553.898 5117028.318 453.310 -28.817 0.016
272484.092 5117170.810 443.310 -18.296 0.018
272398.494 5117345.416 438.260 -12.637 0.019
272223.855 5117244.384 448.200 -22.236 0.016
272310.373 5117096.028 448.220 -22.767 0.027
272411.978 5116921.725 456.620 -31.882 0.014
272319.304 5116851.654 459.210 -34.308 0.022
272379.510 5116744.646 452.040 -27.316 0.017
272507.266 5116570.742 452.490 -28.425 0.039
272662.439 5116651.371 452.330 -28.695 0.018
272804.102 5116453.896 454.770 -31.646 0.012
272828.413 5116393.669 453.390 -30.382 0.014
272872.378 5116321.031 450.510 -27.632 0.014
272769.733 5116252.868 447.970 -24.808 0.011
272699.547 5116377.847 452.890 -29.586 0.018
272583.942 5116421.230 453.080 -29.406 0.010
272711.319 5116555.227 453.520 -30.060 0.018
272787.877 5116484.954 454.910 -31.747 0.031
272898.856 5116579.485 456.470 -33.434 0.014
272938.481 5116785.273 457.060 -33.936 0.014
273004.521 5116702.137 459.020 -36.188 0.010
273172.807 5116896.904 472.490 -50.221 0.027
273102.865 5117034.517 466.610 -43.919 0.020
273363.206 5117045.196 479.030 -57.363 0.019
273271.487 5117209.491 463.570 -41.245 0.017
273471.181 5117155.878 479.090 -57.651 0.017
273582.671 5117253.601 477.240 -56.025 0.019
273709.903 5117033.613 495.220 -74.944 0.016
273568.028 5116996.828 489.890 -69.038 0.026
273695.927 5116880.584 495.450 -75.418 0.019
273772.637 5116798.563 486.500 -66.523 0.029
273638.746 5116807.312 483.040 -62.368 0.014
273657.178 5116760.953 478.410 -57.755 0.010
273590.709 5116783.174 482.580 -61.814 0.019
273537.484 5116747.473 477.570 -56.527 0.015
273603.402 5116661.476 467.750 -46.759 0.041
273494.371 5116637.609 463.630 -42.251 0.016
273411.891 5116696.927 470.140 -48.575 0.016
273332.070 5116571.981 455.590 -33.733 0.020
273273.533 5116690.666 463.370 -41.335 0.011
273125.762 5116659.168 459.770 -37.273 0.016
273031.958 5116591.783 457.710 -35.078 0.013
272940.989 5116525.696 456.940 -34.138 0.012
273085.203 5116435.844 451.400 -29.048 0.013
273020.167 5116399.240 452.260 -29.779 0.017
272884.730 5117571.657 433.840 -9.441 0.013
272921.494 5117502.185 439.020 -14.903 0.020
273054.918 5117525.117 439.430 -15.754 0.019
273189.902 5117575.058 439.940 -16.667 0.012
273119.714 5117458.424 447.560 -24.413 0.021
273170.008 5117476.042 446.830 -23.794 0.010
273289.389 5117479.706 450.460 -27.716 0.026
273406.333 5117534.114 448.490 -26.012 0.030
273450.659 5117547.305 448.150 -25.827 0.033
273377.460 5117631.980 444.730 -22.136 0.037
273513.401 5117640.751 440.890 -18.607 0.020
273493.152 5117687.297 437.610 -15.146 0.015
273400.889 5117336.669 460.980 -38.907 0.020
273333.928 5117354.321 458.540 -36.158 0.023
273318.094 5117325.126 459.810 -37.429 0.016
273310.045 5117283.809 461.650 -39.290 0.012
273209.774 5117296.059 457.040 -34.274 0.013
273180.023 5117328.849 454.620 -31.706 0.017
273184.148 5117378.723 455.130 -32.200 0.016
273094.530 5117327.663 452.880 -29.711 0.021
273048.617 5117250.993 455.890 -32.652 0.016
273004.132 5117179.915 457.570 -34.292 0.030
272944.224 5117417.671 444.880 -21.039 0.017
272981.897 5117312.776 452.180 -28.675 0.017
273644.940 5117733.944 439.280 -17.278 0.016
273702.198 5117717.828 440.270 -18.430 0.046
273766.286 5117663.597 442.820 -21.372 0.035
273762.299 5117729.937 439.790 -18.151 0.022
273832.518 5117727.203 439.210 -17.759 0.032
273862.325 5117663.051 443.830 -22.583 0.025
273931.995 5117795.259 438.260 -17.140 0.045
273994.534 5117808.309 442.220 -21.281 0.029
274022.367 5117760.061 446.730 -25.943 0.033
274091.040 5117683.926 455.060 -34.681 0.028
274021.657 5117599.333 457.280 -36.776 0.038
273970.725 5117719.731 445.410 -24.426 0.028
274075.852 5117498.631 464.340 -44.121 0.012
274119.962 5117343.516 473.420 -53.424 0.026
273903.814 5117277.259 475.250 -54.710 0.026
273896.409 5117334.319 473.640 -53.146 0.029
273923.004 5117455.897 466.950 -46.368 0.146
273975.579 5117526.286 465.000 -44.601 0.030
273875.073 5117520.116 459.290 -38.438 0.024
273826.646 5117575.908 453.290 -32.186 0.024
273812.568 5117402.618 471.300 -50.588 0.014
273747.878 5117366.024 473.490 -52.641 0.029
273691.729 5117343.086 473.720 -52.708 0.022
273658.042 5117387.720 469.920 -48.716 0.020
273745.360 5117469.325 461.150 -39.992 0.014
273743.791 5117542.618 453.970 -32.668 0.023
273923.480 5117604.603 452.420 -31.568 0.042
273636.816 5117545.147 449.510 -27.853 0.026
273537.530 5117542.329 447.900 -25.894 0.024
273542.976 5117484.051 452.790 -30.953 0.022
274081.965 5117839.807 447.200 -26.586 0.020
274156.406 5117847.278 447.560 -27.235 0.021
274267.800 5117805.660 453.020 -33.120 0.038
274198.069 5117771.080 454.470 -34.402 0.036
274153.632 5117749.298 455.220 -35.073 0.025
274199.989 5117621.430 465.540 -45.746 0.011
274266.941 5117533.353 471.210 -51.752 0.021
274297.465 5117468.593 476.540 -57.242 0.026
274327.156 5117373.421 474.820 -55.436 0.013
274416.976 5117429.898 466.780 -47.401 0.022
274376.552 5117482.450 467.940 -48.526 0.025
274337.501 5117721.641 458.730 -39.149 0.023
274410.424 5117635.965 460.280 -40.929 0.023
274350.302 5117592.097 463.530 -44.096 0.013
274487.834 5117556.221 457.850 -38.558 0.016
274495.405 5117481.827 460.030 -40.703 0.029
274535.644 5117416.825 459.140 -39.886 0.024
274653.234 5117549.442 450.770 -31.624 0.021
274638.394 5117499.478 451.730 -32.531 0.027
274629.324 5117449.126 451.120 -31.947 0.019
274645.651 5117390.439 449.700 -30.546 0.025
274575.210 5117356.070 457.800 -38.678 0.015
274516.696 5117337.064 463.020 -43.853 0.029
274465.592 5117255.445 464.650 -45.436 0.015
274464.959 5117207.177 462.900 -43.735 0.020
274363.550 5117152.449 470.510 -51.336 0.020
274325.906 5117200.377 474.980 -55.660 0.026
274362.558 5117269.345 476.170 -56.965 0.033
274252.262 5117258.550 477.640 -58.163 0.018
274170.991 5117196.544 480.250 -60.626 0.025
274209.997 5117116.611 482.710 -63.421 0.020
274109.175 5117056.028 483.700 -64.380 0.028
274002.322 5116998.277 486.250 -66.659 0.050
273931.969 5116907.914 491.600 -72.159 0.028
273887.732 5117141.352 484.710 -64.627 0.026
267410.226 5115041.845 413.970 28.091 0.059
267734.460 5115405.160 418.300 23.028 0.056
267988.930 5115538.158 418.950 21.540 0.059
268298.639 5115657.757 421.860 17.313 0.087
268340.186 5115679.548 421.860 17.021 0.060
268422.134 5115714.629 422.870 15.689 0.065
268504.012 5115753.343 424.090 14.187 0.073
268555.800 5115782.258 424.870 13.371 0.065
268639.285 5115827.483 424.520 13.109 0.061
268724.378 5115874.607 425.990 11.592 0.073
268823.798 5115930.184 427.360 9.995 0.069
268894.362 5115970.048 427.210 9.853 0.091
268959.676 5116006.951 427.690 9.151 0.059
269124.993 5116041.913 428.140 8.017 0.083
269112.671 5116093.421 428.770 7.616 0.114
269187.540 5116135.723 429.080 7.037 0.066
269372.598 5116240.317 429.810 5.550 0.103
269450.967 5116284.611 430.320 4.749 0.072
269597.458 5116367.407 431.030 3.509 0.083
269665.572 5116405.958 431.410 2.992 0.135
269864.516 5116518.365 431.600 2.408 0.066
269919.634 5116552.227 430.450 3.488 0.059
269999.011 5116594.380 429.130 4.493 0.071
270098.259 5116650.543 429.750 3.693 0.091
270171.813 5116692.689 430.000 2.904 0.110
270216.572 5116715.498 432.710 0.395 0.095
270258.868 5116738.175 433.830 -0.785 0.087
270298.779 5116759.087 434.350 -1.446 0.087
270391.867 5116806.164 434.880 -2.298 0.071
270428.024 5116823.878 434.840 -2.399 0.093
270464.472 5116841.126 435.140 -2.746 0.102
270564.108 5116886.965 435.740 -3.570 0.046
270621.527 5116912.087 436.120 -4.059 0.128
270714.725 5116951.959 435.700 -4.051 0.101
271605.463 5117411.285 436.330 -6.899 0.100
271803.427 5117462.197 431.950 -3.533 0.114
272276.093 5117529.075 425.240 1.415 0.088
275049.397 5117577.931 434.240 -15.691 0.028
275135.835 5117670.950 431.430 -13.041 0.035
274919.952 5117641.247 442.700 -24.048 0.032
274898.711 5117841.039 437.040 -18.227 0.040
274933.189 5117873.653 434.620 -15.853 0.048
275015.104 5117933.129 432.450 -13.802 0.044
275098.377 5118000.549 431.560 -13.107 0.040
274688.069 5117863.388 441.060 -22.007 0.027
274933.868 5118009.295 433.350 -14.590 0.046
274769.828 5118001.719 435.890 -16.714 0.054
274678.392 5117975.811 439.050 -19.753 0.033
274583.317 5117960.333 442.350 -22.879 0.037
274529.331 5117943.163 444.240 -24.779 0.040
274536.046 5118002.501 441.920 -22.301 0.035
274492.205 5118056.971 439.570 -19.738 0.022
274500.161 5118102.724 436.220 -16.257 0.032
274436.041 5118083.289 437.890 -17.857 0.039
274452.650 5117994.206 443.080 -23.299 0.032
274454.047 5117946.467 444.770 -25.061 0.025
274563.423 5117747.134 448.120 -28.660 0.053
274388.156 5117888.461 447.180 -27.366 0.023
274201.127 5117908.956 441.410 -20.895 0.046
274316.284 5117857.251 450.270 -30.308 0.069
274385.174 5117781.064 453.680 -33.945 0.043
274405.587 5117842.902 449.630 -29.972 0.033
274524.300 5118161.939 433.110 -13.096 0.032
274629.364 5118156.755 432.720 -13.002 0.048
274687.563 5118143.836 432.410 -12.879 0.037
273025.318 5118717.914 403.100 23.444 0.039
272966.609 5118737.438 402.480 24.283 0.062
272922.521 5118776.294 403.130 24.038 0.042
272871.398 5118805.743 403.220 24.233 0.030
272822.578 5118837.909 403.270 24.505 0.050
272737.957 5118881.403 404.510 23.877 0.022
272490.931 5118995.134 403.140 26.567 0.028
272366.784 5119024.252 405.370 25.270 0.027
272271.090 5119044.881 399.020 32.250 0.029
272215.252 5119056.031 388.080 43.773 0.049
272033.628 5119231.792 381.630 52.223 0.016
271950.176 5119299.227 379.960 54.750 0.024
271874.049 5119384.835 378.820 56.306 0.038
271830.991 5119442.981 377.100 58.938 0.024
271712.178 5119501.508 376.250 60.691 0.094
271668.609 5119505.596 376.180 61.011 0.031
271474.527 5119586.991 374.410 64.349 0.046
271413.033 5119671.726 373.320 66.307 0.041
274625.826 5118587.943 417.200 2.931 0.040
274395.117 5118730.199 415.180 6.079 0.034
274524.395 5118878.492 410.340 10.680 0.031
274550.281 5119101.515 409.090 12.204 0.023
274534.029 5119195.478 407.140 14.482 0.050
274391.697 5119228.162 403.970 18.183 0.065
274467.974 5119335.449 406.930 14.999 0.024
274232.960 5119534.226 400.340 23.169 0.030
274178.748 5119489.981 400.120 23.498 0.026
274114.422 5119443.191 399.900 23.753 0.042
274076.631 5119644.996 402.180 22.352 0.031
273981.615 5119594.730 400.620 24.103 0.049
273954.842 5119509.822 399.560 25.128 0.022
274275.230 5119787.598 402.930 21.108 0.043
274088.060 5119899.919 408.380 16.761 0.032
274285.508 5119353.531 401.070 21.774 0.056
274156.589 5119267.926 402.090 21.191 0.031
274045.979 5119179.815 400.900 22.739 0.040
273935.536 5119243.527 400.630 23.503 0.039
274022.324 5119027.708 402.840 20.573 0.042
274185.811 5118988.770 402.810 19.675 0.041
274158.152 5118827.172 407.360 15.020 0.038
274230.721 5118597.834 412.470 9.332 0.030
274235.150 5118521.576 413.890 7.659 0.040
274215.799 5118462.638 416.230 5.279 0.052
274217.498 5118374.809 420.560 0.816 0.019
274109.467 5118395.076 422.380 -0.950 0.110
273946.532 5118302.603 424.430 -2.449 0.068
273874.937 5118477.231 415.680 6.787 0.094
273925.227 5118565.840 413.120 9.339 0.078
273994.938 5118615.876 412.010 10.438 0.062
274100.719 5118697.984 410.620 11.569 0.073
273835.868 5118630.508 411.950 11.058 0.102
273823.621 5118751.722 408.190 15.167 0.070
273929.645 5118834.779 403.620 19.596 0.078
274014.822 5118897.574 404.350 18.616 0.105
273634.970 5118754.781 409.250 14.667 0.083
273638.308 5118882.163 403.920 20.613 0.092
273729.453 5118948.740 401.520 22.859 0.098
273870.722 5119058.332 400.000 24.036 0.095
273678.249 5119060.909 400.900 24.024 0.073
273533.468 5119095.697 399.020 26.614 0.087
273434.541 5118471.265 407.500 16.811 0.089
273551.198 5118404.480 412.410 11.273 0.077
273480.511 5118282.886 414.070 9.702 0.073
273539.586 5118063.007 423.690 -0.615 0.105
273680.222 5118107.057 428.680 -6.016 0.086
273456.182 5117999.110 425.940 -2.612 0.096
273167.425 5118056.613 418.360 5.905 0.079
273210.251 5117942.194 423.840 0.007 0.090
273079.584 5117808.068 428.320 -4.171 0.059
272911.759 5117896.216 425.160 -0.291 0.070
272919.493 5117998.971 419.460 5.436 0.080
272932.457 5118131.335 415.400 10.060 0.083
272801.517 5118054.257 416.810 8.865 0.084
272802.973 5117762.558 427.180 -2.100 0.075
272661.975 5117848.997 423.320 2.440 0.069
272545.240 5117709.183 424.810 1.200 0.053
272393.076 5117714.657 423.100 3.471 0.081
272367.433 5117872.384 422.130 4.826 0.076
272559.917 5118218.431 412.830 14.304 0.051
272570.292 5118395.933 409.520 18.040 0.067
272446.849 5118393.664 409.280 18.741 0.072
272509.778 5118691.652 405.460 23.387 0.064
272595.676 5118632.244 407.150 21.122 0.061
272666.403 5118569.744 406.110 21.630 0.058
272742.881 5118483.606 406.200 20.995 0.069
272813.479 5118429.872 406.350 20.431 0.080
272935.431 5118429.590 407.630 18.612 0.074
272986.093 5118518.286 407.010 19.189 0.073
273047.469 5118618.416 403.280 23.093 0.079
273190.023 5118610.473 403.900 21.806 0.066
273031.004 5118324.089 411.680 14.084 0.063
272510.262 5118855.700 402.500 26.751 0.023
272446.902 5118731.280 404.640 24.531 0.025
272361.210 5118813.016 404.160 25.782 0.027
272205.305 5118902.782 404.530 26.498 0.018
272140.097 5118950.067 405.690 25.743 0.024
272220.508 5118963.367 395.930 35.314 0.022
273172.593 5118837.627 400.770 25.623 0.024
273135.081 5118771.835 401.470 24.896 0.032
273143.493 5118933.968 399.600 27.295 0.027
272970.987 5119020.579 402.140 25.804 0.030
272915.899 5118955.206 402.610 25.110 0.040
272950.928 5119136.073 403.960 24.232 0.038
273080.274 5119132.745 401.800 25.751 0.039
273205.426 5119203.331 402.260 25.045 0.046
273308.492 5119284.718 401.870 25.202 0.040
273418.711 5119352.258 401.540 25.106 0.036
273501.538 5119409.264 402.400 23.911 0.045
273553.052 5119471.890 404.220 21.876 0.029
273608.727 5119581.170 403.800 22.086 0.040
273504.043 5119630.522 405.380 21.312 0.041
273419.789 5119596.812 405.230 21.835 0.046
273279.748 5119552.766 406.310 21.284 0.043
273163.044 5119433.142 400.300 27.504 0.038
273092.418 5119380.545 399.460 28.967 0.041
273013.407 5119316.967 398.950 29.623 0.038
272969.580 5119279.815 400.310 28.361 0.048
272908.646 5119216.356 403.650 25.133 0.050
272717.967 5119069.221 402.830 26.341 0.043
272794.461 5119120.250 402.940 26.032 0.045
272840.078 5119306.877 404.330 24.988 0.040
272712.317 5119316.327 403.130 26.816 0.040
272582.786 5119155.332 401.750 28.536 0.063
272743.273 5119429.674 404.600 25.574 0.037
272550.181 5119436.955 389.440 42.125 0.045
272465.125 5119370.557 387.540 44.386 0.044
272414.047 5119293.305 385.730 46.085 0.040
272352.622 5119179.901 385.580 46.083 0.034
272315.905 5119136.450 385.850 45.776 0.035
272128.203 5119128.170 383.350 49.631 0.051
272135.150 5119275.444 380.930 52.628 0.053
272222.740 5119416.677 381.450 52.335 0.053
272290.851 5119527.329 381.570 52.291 0.044
271932.446 5119206.241 380.380 53.909 0.051
272053.078 5119513.506 379.700 55.191 0.051
271953.370 5119582.997 379.270 56.386 0.061
272105.756 5119609.924 379.950 55.082 0.064
272161.085 5119689.254 379.360 55.740 0.054
271826.660 5119757.508 374.390 62.896 0.047
271674.916 5119703.420 375.080 62.909 0.050
271686.314 5119797.940 374.190 64.211 0.052
271605.848 5119907.970 374.090 65.548 0.048
271464.103 5120053.746 371.350 70.200 0.044
271110.737 5119510.860 369.900 70.789 0.042
271290.399 5119419.745 372.860 66.084 0.053
271358.738 5119400.418 373.450 64.964 0.045
271376.255 5119275.465 405.770 31.551 0.051
271457.302 5119332.379 374.760 62.763 0.054
271595.710 5119167.606 379.570 56.420 0.048
271977.703 5118945.154 393.390 39.195 0.053
271918.399 5118912.325 398.320 34.492 0.059
271824.606 5118862.759 404.640 28.417 0.061
271756.194 5118787.501 410.950 21.995 0.061
271674.312 5118713.006 410.130 23.090 0.051
271682.632 5118996.450 410.160 24.107 0.051
271583.628 5118886.195 410.740 23.727 0.061
271559.879 5119047.892 412.440 22.670 0.053
271458.608 5119124.763 411.320 24.643 0.056
271419.267 5119187.809 410.890 25.669 0.044
271535.942 5118771.182 412.420 21.607 0.069
271475.224 5118800.930 413.420 21.065 0.068
271408.320 5118842.854 413.270 21.750 0.060
271342.512 5118886.997 414.230 21.313 0.087
271285.384 5118927.762 414.750 21.227 0.072
271242.039 5118979.233 415.190 21.195 0.078
271222.107 5119029.888 414.780 21.873 0.065
271216.046 5119082.944 413.190 23.696 0.076
271629.617 5118708.582 411.860 21.424 0.072
271584.236 5118601.428 412.540 20.603 0.063
271513.707 5118529.973 415.890 17.442 0.058
271467.813 5118477.255 417.710 15.361 0.063
271380.669 5118372.932 421.560 11.668 0.069
271318.335 5118297.936 424.100 8.997 0.057
271360.300 5118577.816 419.190 14.834 0.069
271439.603 5118694.056 415.310 19.183 0.071
271290.174 5118775.417 416.140 19.417 0.075
271245.084 5118726.857 417.630 17.889 0.093
271600.169 5117966.249 427.380 3.029 0.075
271610.403 5118060.714 424.220 6.513 0.085
271641.832 5118422.899 410.680 21.528 0.063
271725.962 5118213.771 420.830 10.039 0.090
271826.715 5118354.922 415.390 15.583 0.098
271835.221 5118453.631 414.000 17.288 0.075
271949.447 5118620.369 409.800 21.553 0.073
271852.859 5118239.133 416.300 14.228 0.075
271719.198 5117677.534 432.700 -3.628 0.061
271656.832 5118323.254 412.880 18.734 0.018
271884.941 5118531.323 412.400 18.579 0.016
271719.198 5117677.534 432.700 -4.006 0.016
271736.624 5117844.494 424.310 5.008 0.018
271800.549 5117921.228 421.430 7.894 0.019
271812.126 5118025.560 419.750 9.732 0.014
271888.488 5118041.360 419.820 9.589 0.042
271998.150 5118176.646 415.830 13.396 0.030
272069.466 5118272.823 414.500 14.683 0.034
272293.749 5118472.901 407.720 21.149 0.051
271798.850 5117694.723 428.830 -0.231 0.025
271748.154 5117622.824 432.430 -3.859 0.053
271928.684 5117733.263 423.410 4.847 0.045
272099.661 5117871.487 420.150 7.683 0.034
272231.376 5117975.351 416.920 10.478 0.039
272258.462 5117912.964 414.850 12.488 0.037
272331.274 5118074.376 410.440 16.941 0.031
272445.660 5118131.438 412.310 13.990 0.036
272417.454 5118224.713 404.150 23.267 0.130
272409.590 5118316.163 401.930 26.049 0.094
271670.135 5117563.571 433.540 -4.855 0.050
271738.838 5117507.977 431.890 -3.417 0.043
272731.256 5118322.022 407.740 18.824 0.048
272048.465 5117126.850 456.040 -29.675 0.056
271816.693 5117180.636 459.320 -32.298 0.044
271959.136 5116892.567 454.330 -27.949 0.081
272131.825 5116711.449 451.270 -25.722 0.047
271902.729 5116545.803 454.210 -28.141 0.056
272156.236 5116406.522 453.140 -28.201 0.053
271780.150 5116234.487 452.900 -27.118 0.057
272022.174 5115946.832 450.990 -26.326 0.052
272198.359 5116048.188 450.860 -26.495 0.058
272197.935 5115761.732 450.260 -26.150 0.041
272466.048 5115606.078 444.840 -21.469 0.049
272320.260 5115347.430 451.490 -28.256 0.054
273136.556 5115323.729 418.920 3.597 0.061
273242.736 5115082.437 421.250 1.378 0.046
272840.338 5115099.395 422.600 0.212 0.050
272902.070 5115285.509 420.520 2.422 0.048
272838.307 5115442.989 420.260 2.522 0.052
272996.143 5115690.097 417.240 5.496 0.049
273376.054 5115477.360 416.780 4.506 0.045
273353.356 5116884.289 482.820 -61.248 0.040
272687.792 5116035.179 436.710 -13.186 0.063
272770.127 5115802.123 427.490 -4.315 0.042
272937.042 5115890.473 422.280 0.716 0.068
272972.018 5116195.736 437.710 -14.990 0.037
273104.529 5115979.308 419.490 3.142 0.327
273252.667 5115833.817 414.870 7.350 0.032
273403.986 5115683.469 415.010 6.794 0.053
273565.964 5115536.868 416.290 5.203 0.068
273701.415 5115404.298 417.210 4.220 0.052
273894.402 5115658.009 414.240 6.651 0.101
274138.653 5116007.207 411.180 8.804 0.093
274274.040 5116201.490 410.570 9.029 0.057
273964.380 5116139.376 409.990 10.381 0.057
273777.418 5115973.313 412.690 8.237 0.043
273653.991 5115825.709 413.750 7.432 0.060
273205.254 5116238.246 429.090 -6.931 0.043
273442.611 5116296.591 421.650 0.008 0.033
273727.196 5116475.674 436.180 -15.319 0.052
273961.009 5116577.215 437.700 -17.329 0.030
274200.040 5116774.705 440.960 -21.305 0.041
274396.200 5117012.868 451.350 -32.286 0.050
274608.287 5117198.800 443.420 -24.540 0.040
274143.850 5116564.064 425.310 -5.238 0.047
274748.856 5117111.385 422.720 -3.834 0.039
274198.668 5116919.278 455.100 -35.323 0.039
273818.259 5116700.077 471.320 -51.172 0.031
273863.128 5116323.607 411.040 9.813 0.064
274209.595 5115663.177 414.690 5.825 0.063
274001.469 5115391.977 417.550 3.645 0.037
273724.273 5115046.310 421.890 0.231 0.076
274387.263 5116032.541 411.100 8.538 0.041
274621.937 5115775.353 412.620 7.523 0.047
274455.556 5115587.647 414.510 6.080 0.030
274267.302 5114872.924 422.500 0.364 0.032
275124.841 5115248.456 442.880 -21.198 0.036
275132.525 5115564.619 433.940 -13.066 0.037
274912.837 5115777.586 413.010 7.485 0.238
275227.191 5115850.263 423.170 -3.104 0.031
274861.477 5116233.921 408.540 10.379 0.042
274576.925 5116587.820 406.030 12.712 0.068
274900.190 5116730.410 404.840 13.474 0.044
275153.730 5116528.540 408.260 9.941 0.064
275203.799 5116311.050 408.920 9.973 0.043
275421.801 5116178.338 410.970 8.540 0.040
275802.928 5116461.370 406.600 12.085 0.114
275464.194 5116875.291 402.160 15.555 0.045
270128.951 5119991.531 417.110 33.502 0.025
269987.632 5119950.735 419.670 31.868 0.024
269862.123 5119802.282 420.040 31.391 0.026
269823.577 5119580.933 418.600 31.572 0.032
269633.271 5119485.129 420.370 30.439 0.033
269578.094 5119240.414 418.940 30.563 0.028
269365.975 5119257.807 399.030 52.709 0.032
269358.293 5119140.555 380.440 70.825 0.054
269325.129 5118993.417 366.270 84.573 0.029
269458.274 5119384.286 421.310 30.155 0.031
269347.059 5119463.630 421.870 31.147 0.032
269432.756 5119571.140 422.200 30.987 0.033
269592.891 5119723.479 422.300 30.832 0.037
269672.246 5119876.661 422.060 31.696 0.031
269762.164 5120008.171 421.480 32.482 0.016
269874.827 5120175.109 420.450 33.791 0.033
269794.404 5120326.396 421.390 34.762 0.014
269691.164 5120141.129 422.200 33.398 0.017
269525.756 5120283.926 422.510 35.762 0.019
269415.055 5120200.670 423.170 35.338 0.018
269356.774 5120404.296 423.410 37.468 0.019
269370.108 5119965.011 424.270 32.690 0.018
269227.723 5119594.539 423.110 31.668 0.022
269205.479 5119715.425 423.670 32.269 0.019
269187.755 5119757.129 423.730 32.704 0.019
269127.344 5119911.075 424.300 33.869 0.018
269070.503 5119982.416 424.010 35.155 0.017
269222.190 5120220.280 424.160 36.240 0.018
269031.408 5120168.113 423.960 37.443 0.016
269007.009 5120237.677 423.480 38.825 0.018
269011.019 5120437.804 424.680 39.523 0.018
268886.844 5120594.744 433.180 33.194 0.020
269138.654 5120681.027 429.840 35.494 0.016
269312.596 5120573.425 424.280 38.633 0.023
269417.419 5120625.444 420.530 41.960 0.037
269473.999 5120803.797 430.710 32.708 0.039
269271.635 5120821.910 434.830 30.631 0.015
269315.402 5120996.150 442.060 24.558 0.021
269596.854 5120520.527 420.570 39.286 0.025
269342.370 5121189.815 449.160 18.782 0.024
269191.722 5121148.641 448.470 20.559 0.017
269107.227 5121300.109 454.480 16.759 0.020
269062.718 5121048.154 446.190 23.111 0.022
268958.551 5121191.172 447.570 24.112 0.018
268960.995 5120949.288 441.170 28.194 0.020
268881.818 5121087.137 446.460 24.948 0.021
268829.780 5120958.264 442.570 28.057 0.016
268881.385 5120857.611 439.800 29.381 0.028
268633.518 5121290.480 444.520 31.365 0.027
268768.656 5121464.483 454.680 21.663 0.029
268912.257 5121548.050 457.730 17.880 0.018
269075.076 5121636.844 460.660 14.089 0.020
269214.732 5121709.972 462.370 11.586 0.035
269273.554 5121551.328 461.050 10.833 0.019
269182.837 5121505.731 460.730 11.649 0.025
269257.998 5121381.514 458.470 11.995 0.023
269037.468 5121424.360 456.700 16.444 0.024
268923.681 5121360.942 453.710 20.027 0.019
268806.118 5121232.557 447.400 26.213 0.038
269138.003 5118968.667 362.370 90.115 0.026
268966.448 5118952.932 377.880 75.489 0.029
268939.482 5119087.736 386.800 67.498 0.022
268942.752 5118750.991 376.910 74.947 0.019
268215.559 5118478.148 417.960 37.061 0.021
268340.938 5118528.580 418.800 35.583 0.025
268489.892 5118549.757 416.370 37.045 0.024
268623.159 5118550.380 416.940 35.288 0.018
268738.650 5118585.882 417.300 34.419 0.032
268676.265 5118806.064 419.910 34.001 0.021
268601.143 5119037.317 422.460 33.817 0.021
268545.173 5118955.488 421.570 34.625 0.025
268480.017 5118794.776 420.280 35.238 0.023
268251.103 5118746.202 417.700 39.492 0.026
268314.692 5118879.682 409.760 48.136 0.023
268359.865 5119040.291 422.440 36.075 0.026
268326.397 5119252.048 422.230 38.380 0.023
268179.910 5119353.884 408.220 55.124 0.022
268226.825 5119488.830 424.910 38.745 0.024
268467.167 5119422.011 425.290 35.392 0.027
268514.116 5119260.900 424.350 34.523 0.026
268340.779 5119653.715 428.330 35.663 0.030
268052.665 5119483.786 401.580 64.307 0.027
268084.498 5119643.574 405.640 61.233 0.025
267988.823 5119313.196 412.330 52.474 0.021
267957.688 5119396.802 413.220 52.683 0.023
267903.718 5119557.539 418.310 49.670 0.025
267897.819 5119695.304 416.570 52.676 0.026
268054.393 5119802.497 415.240 53.526 0.022
267991.330 5119914.935 424.810 45.480 0.026
267822.113 5119823.864 429.860 41.276 0.025
267721.109 5119992.087 443.360 30.316 0.023
267657.656 5120134.703 447.260 28.451 0.020
267544.961 5120344.519 450.880 28.133 0.026
267773.002 5120360.169 447.770 29.033 0.020
267637.645 5120455.737 452.390 26.753 0.016
267546.869 5120538.397 456.380 24.690 0.017
267621.832 5120676.643 457.450 24.153 0.019
267642.642 5120747.304 456.760 25.354 0.015
267756.502 5120845.503 452.750 29.172 0.020
267917.392 5120865.071 447.030 33.053 0.017
267924.036 5120741.647 448.450 30.528 0.016
267787.883 5120594.284 451.440 27.681 0.015
267915.644 5120348.971 444.300 31.325 0.016
267902.662 5120258.531 442.600 32.361 0.017
267870.806 5120087.370 429.680 43.894 0.015
268053.251 5120186.657 434.850 37.945 0.016
268122.679 5120067.354 433.210 37.688 0.022
268191.321 5120181.960 433.390 37.895 0.014
268183.698 5120320.436 435.140 37.437 0.014
268200.626 5120446.592 431.540 42.039 0.016
268063.228 5120470.934 439.770 35.458 0.018
268104.306 5120562.757 438.120 37.496 0.017
268217.238 5120526.259 433.440 40.672 0.016
268382.075 5120536.854 424.270 47.850 0.018
268245.461 5120671.979 432.180 42.899 0.015
268164.891 5120689.433 436.620 39.491 0.020
268141.131 5120881.874 400.670 77.986 0.023
268137.965 5121083.857 382.959 98.064 0.015
268290.984 5119821.902 423.110 44.309 0.018
268507.671 5119793.868 412.060 52.667 0.030
268535.401 5120092.104 411.380 55.683 0.017
268510.322 5120276.407 409.480 59.587 0.012
268439.715 5120004.095 418.320 49.307 0.013
268611.582 5119539.294 422.170 39.370 0.026
268753.247 5119449.227 381.060 79.167 0.018
268321.781 5122745.494 427.760 68.374 0.010
268118.173 5123015.796 439.080 62.892 0.015
268485.426 5122561.607 403.070 89.358 0.010
268838.774 5122477.811 441.820 45.068 0.014
269148.391 5122221.559 457.230 23.109 0.021
269028.686 5122121.713 454.360 26.282 0.030
268801.800 5122047.283 452.160 30.335 0.014
268619.890 5122096.109 447.690 37.521 0.015
268433.685 5122310.886 441.890 47.308 0.040
268354.025 5122071.570 402.130 86.119 0.022
268529.646 5121917.830 448.910 35.278 0.015
268675.641 5121883.267 453.930 28.184 0.017
268622.255 5121627.711 455.680 24.081 0.018
268771.418 5121729.885 458.080 21.219 0.015
268912.852 5121785.067 459.120 19.002 0.018
269139.182 5121883.444 462.230 14.262 0.015
267312.054 5122072.179 453.140 48.184 0.030
267154.829 5121969.790 457.860 44.302 0.032
267292.993 5122383.224 448.290 57.279 0.028
267018.802 5122138.086 457.040 49.243 0.037
267049.955 5122341.517 457.170 51.271 0.023
267090.208 5122453.364 452.380 56.835 0.035
266921.417 5122365.552 459.480 51.020 0.028
266670.181 5122173.852 470.710 40.605 0.030
266845.281 5122104.754 465.030 43.114 0.032
267112.011 5121654.647 453.980 44.795 0.032
267263.378 5121633.309 450.730 45.668 0.030
267487.104 5121954.813 450.040 47.378 0.027
267687.255 5121910.379 443.240 50.918 0.027
267641.531 5121707.166 431.240 61.035 0.021
267839.302 5121923.410 430.670 61.908 0.027
267545.318 5122250.791 442.410 57.850 0.032
267505.383 5122065.829 447.390 51.136 0.043
267690.298 5122098.301 440.600 55.880 0.031
267850.884 5122106.446 430.710 64.015 0.029
267936.785 5121756.486 395.770 94.203 0.022
268069.199 5121765.038 393.310 95.260 0.026
268131.989 5122019.455 395.970 94.633 0.029
267975.946 5122259.362 401.620 93.532 0.022
268156.787 5122284.437 399.690 93.672 0.038
268257.247 5122408.027 398.630 94.836 0.017
268303.404 5121658.917 450.510 32.710 0.025
268560.304 5121464.383 438.580 40.229 0.021
269641.038 5122015.061 472.600 -0.187 0.025
269943.843 5121804.171 472.720 -5.286 0.029
269985.529 5121602.221 466.350 -1.094 0.033
269592.830 5121565.708 457.550 11.294 0.025
269598.334 5121205.233 450.250 15.288 0.030
269746.140 5121255.188 452.640 11.891 0.022
269607.695 5121072.256 441.230 23.186 0.018
269837.764 5120910.389 435.580 25.276 0.031
270009.646 5121162.943 443.560 17.802 0.032
270103.429 5120990.300 430.580 28.525 0.019
270363.334 5120709.063 415.400 38.934 0.030
270483.411 5120569.598 388.050 64.467 0.025
270871.824 5120840.981 403.560 47.611 0.023
270775.006 5120586.816 406.600 43.086 0.023
269968.478 5120725.452 418.020 40.292 0.034
269981.703 5120316.847 418.700 35.756 0.019
269488.260 5120539.024 421.840 39.070 0.020
267971.258 5121455.654 388.710 97.363 0.026
267755.409 5121475.639 444.210 43.689 0.020
267645.238 5121422.410 453.530 35.323 0.016
267872.432 5121259.572 451.440 32.211 0.020
267883.599 5121132.418 417.100 65.932 0.021
267456.453 5121115.927 455.170 32.510 0.018
267323.460 5121062.124 457.390 31.310 0.018
267373.825 5121289.526 457.950 32.794 0.024
267655.016 5121242.568 455.240 31.298 0.019
267498.161 5121599.457 451.380 41.722 0.021
267351.927 5121581.095 453.920 40.672 0.021
267044.908 5121460.596 455.460 41.631 0.021
266824.755 5121570.347 456.520 44.863 0.018
266499.375 5121800.952 462.590 46.026 0.013
266553.007 5121560.683 462.380 42.349 0.020
266376.285 5121407.651 461.580 43.475 0.014
266631.419 5121321.807 461.670 38.918 0.022
266410.670 5121203.500 453.530 48.683 0.106
266698.289 5121237.921 461.400 37.331 0.015
266922.512 5121190.098 459.760 35.392 0.013
266719.265 5121087.024 437.990 58.689 0.014
266930.868 5121074.842 435.520 58.520 0.014
266930.838 5120921.964 454.780 37.329 0.022
267140.687 5120833.084 451.430 37.201 0.018
267451.269 5120778.324 460.250 23.797 0.015
267426.568 5120630.501 460.970 22.159 0.019
267666.578 5120891.979 455.030 27.892 0.013
267895.447 5120617.927 449.350 28.297 0.018
267287.217 5120507.288 465.780 17.635 0.014
267278.880 5120342.933 464.600 17.192 0.016
267220.060 5120649.035 467.530 18.035 0.014
267024.366 5120529.529 475.100 11.439 0.025
267028.430 5120682.921 467.360 20.872 0.015
266695.471 5120777.054 470.630 22.643 0.026
266625.363 5120932.162 459.720 36.248 0.020
266810.700 5120161.590 497.740 -13.031 0.021
266733.514 5119934.656 497.750 -14.619 0.017
267100.697 5120003.565 480.860 -1.027 0.030
267293.449 5119848.251 473.480 2.847 0.051
267324.443 5119632.999 484.370 -10.789 0.049
267425.610 5119462.591 459.380 11.997 0.025
267544.655 5119410.781 442.320 27.589 0.074
268444.239 5119599.324 426.010 36.522 0.019
268288.563 5119373.453 421.570 40.527 0.024
268793.912 5119125.144 404.450 51.148 0.023
268388.532 5120330.430 423.310 46.208 0.029
268839.603 5120486.167 387.130 79.402 0.015
268092.201 5121603.611 398.750 87.387 0.017
268171.160 5121444.960 387.170 96.457 0.014
268228.398 5121298.036 385.250 96.278 0.020
268390.460 5121030.429 382.680 94.367 0.017
268514.244 5120969.778 381.680 93.314 0.018
268270.334 5120936.731 381.150 96.176 0.014
268333.322 5120857.796 380.050 95.727 0.017
268460.933 5120702.204 377.750 95.148 0.019
268586.291 5120593.096 375.890 94.745 0.016
268722.966 5120345.820 373.020 93.996 0.017
268797.540 5120254.214 370.360 95.020 0.015
268702.666 5119970.184 367.390 96.578 0.017
268745.574 5119837.940 367.730 94.717 0.024
268824.437 5119563.034 366.540 92.835 0.014
268864.070 5119298.846 372.870 84.052 0.037
268973.484 5119206.485 365.920 89.434 0.025
269252.658 5119047.976 362.220 89.727 0.016
269166.854 5119272.734 362.260 91.923 0.007
269093.057 5119530.865 364.380 92.064 0.012
268948.462 5119868.107 368.270 92.507 0.010
269067.733 5118714.041 357.910 93.329 0.015
269008.301 5118507.110 354.930 95.476 0.019
268849.781 5118357.436 381.890 68.241 0.058
268858.771 5118552.585 402.110 48.646 0.030
268882.366 5118180.522 355.080 94.221 0.019
268777.918 5117950.480 349.860 98.671 0.011
269015.890 5118013.709 349.920 96.984 0.032
269165.383 5118069.378 348.060 98.152 0.017
269140.860 5118331.212 350.490 97.818 0.010
269034.030 5118289.734 351.460 97.325 0.009
268741.392 5118166.262 355.070 95.293 0.009
268676.093 5118174.737 354.610 96.372 0.018
269558.691 5118968.246 418.870 28.880 0.014
269207.351 5118741.933 355.260 95.136 0.007
267884.261 5118185.118 347.960 109.456 0.012
268204.039 5118167.442 347.660 106.587 0.009
268141.440 5118290.087 350.230 105.136 0.013
268513.383 5118194.793 353.760 98.730 0.009
268464.721 5117913.469 354.670 95.994 0.014
268578.740 5118312.598 356.270 96.113 0.011
268368.677 5118345.464 357.210 96.987 0.012
269444.706 5118793.851 404.560 43.100 0.012
269542.385 5118752.678 418.240 28.053 0.012
269390.786 5118525.626 396.420 50.263 0.011
270289.953 5119970.484 413.290 35.805 0.017
270194.639 5120203.817 407.150 44.837 0.011
270287.730 5119748.602 386.650 61.384 0.010
270591.765 5119737.977 370.880 74.964 0.012
270358.362 5119534.667 373.650 73.014 0.014
270442.689 5119588.914 373.260 72.914 0.008
270291.560 5119453.283 373.640 73.108 0.010
270213.021 5119279.548 370.400 75.872 0.009
269961.466 5119141.018 370.830 76.418 0.013
269841.010 5119217.532 377.420 70.974 0.015
269904.244 5119335.317 379.040 69.605 0.010
269746.002 5119300.768 391.270 58.016 0.020
269311.890 5118398.755 368.980 78.184 0.011
270162.726 5119637.917 392.120 56.082 0.011
270073.921 5119530.325 388.110 60.315 0.012
269746.601 5118944.820 365.380 82.078 0.008
269774.934 5119028.313 367.200 80.529 0.010
269717.397 5118840.220 364.870 82.100 0.010
269678.127 5118724.873 367.400 79.045 0.009
270434.975 5119931.219 386.900 61.534 0.010
270621.125 5119249.222 355.850 87.081 0.008
270715.576 5119454.074 355.440 88.010 0.015
270564.274 5118981.769 351.610 90.160 0.007
270426.679 5119112.540 365.430 77.912 0.011
270367.524 5118833.380 352.250 90.035 0.010
270119.222 5118757.139 363.390 80.210 0.008
270196.760 5118899.868 364.840 78.911 0.007
269989.656 5118698.363 357.800 86.533 0.043
269844.415 5118724.294 357.280 88.298 0.013
269742.046 5118653.152 357.110 88.559 0.011
269799.557 5118526.043 350.320 94.285 0.008
269606.041 5118252.943 349.840 94.263 0.011
269451.633 5118140.372 349.470 94.980 0.009
270841.772 5118911.517 356.520 82.722 0.013
271000.653 5118715.207 366.800 70.252 0.012
270692.211 5118427.906 353.970 84.140 0.013
270746.286 5118350.892 363.880 73.349 0.008
270641.691 5118286.161 378.170 58.525 0.010
270704.400 5118654.309 355.000 84.120 0.011
271021.431 5118933.945 372.910 64.971 0.014
270516.321 5118572.458 353.170 86.695 0.017
270423.199 5118382.912 351.040 88.550 0.014
270296.381 5118552.000 352.220 88.919 0.015
270423.619 5118740.377 351.350 89.975 0.012
270094.304 5118560.697 350.110 92.639 0.009
270207.419 5118265.504 355.910 84.189 0.020
269933.929 5118480.160 358.390 84.813 0.014
269832.696 5118381.715 359.480 83.809 0.013
269771.297 5118173.183 368.140 73.697 0.013
271351.063 5118455.115 420.580 12.953 0.023
271258.595 5118538.898 419.960 14.470 0.024
271143.475 5118864.295 414.210 22.084 0.023
271116.491 5118655.134 417.210 18.365 0.015
271138.490 5118476.630 419.820 14.986 0.029
271267.891 5118225.021 426.350 6.609 0.019
271396.427 5118208.762 426.020 6.250 0.018
271105.183 5118230.656 428.290 5.469 0.015
270970.289 5118192.642 420.750 13.796 0.015
270990.676 5118332.735 421.150 13.697 0.015
271262.791 5117970.539 432.350 -0.464 0.016
271376.814 5117757.893 432.110 -1.364 0.022
271428.184 5117550.035 433.630 -3.648 0.015
271304.436 5117361.620 435.400 -5.247 0.014
271144.055 5117440.485 434.600 -3.650 0.026
271030.472 5117445.731 433.980 -2.391 0.027
270732.435 5117477.129 433.430 -0.150 0.045
270781.983 5117671.315 432.520 1.072 0.042
270441.399 5117507.612 432.990 1.724 0.060
270307.556 5117646.587 432.160 3.754 0.043
270249.966 5117737.088 431.540 5.012 0.015
269986.126 5117575.538 431.950 5.354 0.017
269998.643 5117513.652 432.820 4.172 0.015
270019.217 5117439.893 432.810 3.779 0.018
270040.955 5117384.781 433.000 3.266 0.021
270055.465 5117332.723 432.900 3.051 0.015
270076.184 5117268.971 432.880 2.741 0.016
270102.474 5117209.462 432.930 2.359 0.024
270132.839 5117149.354 433.520 1.373 0.032
270167.102 5117081.868 434.120 0.340 0.016
270207.688 5117005.690 434.030 0.026 0.020
270248.861 5116934.830 433.140 0.553 0.043
270291.889 5116870.132 432.960 0.307 0.016
270421.221 5116690.717 435.950 -3.923 0.023
270493.551 5116619.804 436.600 -5.117 0.017
270568.551 5116552.019 436.980 -6.068 0.015
270646.587 5116482.676 437.650 -7.271 0.018
270647.848 5116611.356 436.270 -5.493 0.021
270677.985 5116383.814 437.760 -7.740 0.015
270708.128 5116280.327 437.540 -7.920 0.016
270778.893 5116198.351 437.010 -7.849 0.024
270911.847 5116199.832 442.810 -14.216 0.032
270837.382 5116108.491 437.710 -8.974 0.016
270890.579 5116015.603 438.210 -9.893 0.020
270924.136 5115935.021 437.810 -9.835 0.043
270957.877 5115844.863 437.000 -9.362 0.016
271027.740 5115726.098 437.080 -9.825 0.025
270808.150 5116529.923 436.970 -7.024 0.025
270551.828 5117845.265 431.610 3.676 0.024
270458.357 5118009.539 424.010 12.449 0.033
270782.315 5117909.398 431.730 2.570 0.021
271040.584 5117995.309 431.990 1.206 0.012
270749.263 5118122.808 412.820 23.005 0.022
270186.615 5117947.968 425.500 11.980 0.022
270084.653 5117813.720 431.130 6.485 0.014
269971.143 5117966.850 431.280 7.193 0.012
269964.408 5118077.696 428.810 9.533 0.010
269919.219 5117802.688 428.080 10.490 0.028
269902.147 5117675.379 430.340 7.750 0.019
270168.473 5117458.323 432.680 3.221 0.010
270236.013 5117396.042 433.380 1.935 0.034
270321.306 5117300.052 434.000 0.531 0.033
269772.489 5117820.440 431.280 8.059 0.012
269421.894 5117826.732 409.600 31.924 0.012
269523.492 5117940.622 425.670 15.163 0.018
269576.163 5117847.072 428.570 11.914 0.017
269636.593 5117739.879 430.160 9.596 0.019
269645.374 5117613.712 430.500 8.709 0.014
269502.786 5117618.409 419.160 20.889 0.015
269819.837 5117521.371 432.410 5.475 0.016
269886.469 5117404.157 432.380 4.674 0.012
269929.602 5117297.173 432.120 4.361 0.015
269856.645 5117207.010 427.420 8.970 0.013
269996.971 5116985.338 432.290 2.595 0.010
269991.195 5116817.106 428.100 6.276 0.011
270473.930 5117082.380 432.900 0.200 0.013
270747.969 5117159.012 435.170 -3.101 0.011
270565.802 5117312.473 434.170 -0.692 0.018
269867.251 5116695.034 428.070 6.520 0.014
269710.051 5116807.196 429.000 6.669 0.014
269556.375 5116908.103 427.930 8.875 0.018
269246.941 5116976.271 426.790 11.905 0.014
269073.617 5117146.247 424.520 16.219 0.014
269226.006 5117304.949 425.780 14.688 0.019
269421.195 5117342.103 421.610 17.826 0.014
269593.442 5117176.295 425.670 12.086 0.024
269761.203 5117053.385 422.580 13.935 0.012
269423.148 5117484.333 400.860 39.484 0.014
269225.897 5117437.466 424.240 16.846 0.013
269129.356 5117568.832 424.590 17.715 0.009
269050.906 5117661.245 422.630 20.640 0.012
269253.357 5117694.447 415.130 27.019 0.012
269121.293 5117857.305 400.880 43.091 0.012
269031.088 5117820.318 397.130 47.465 0.012
268757.100 5117736.863 384.330 62.618 0.011
268610.862 5117781.996 376.500 71.939 0.010
268036.102 5117851.581 352.410 101.595 0.009
268020.160 5117553.109 367.010 84.650 0.011
268258.630 5117528.727 372.290 77.515 0.012
268502.844 5117584.692 376.140 72.055 0.012
268691.784 5117501.450 409.320 36.071 0.012
268561.956 5117375.509 418.950 26.407 0.014
268422.753 5117234.794 421.830 23.725 0.016
268768.442 5117232.638 424.800 18.364 0.020
268952.952 5117224.230 425.850 15.998 0.012
269026.345 5117403.487 422.310 19.909 0.015
269614.193 5116613.979 430.700 4.693 0.016
269424.035 5116540.579 429.440 6.519 0.012
269371.405 5116701.219 429.390 7.394 0.013
269055.829 5116508.274 428.630 9.311 0.013
268980.103 5116531.823 428.350 10.162 0.014
269141.117 5116311.686 429.310 7.486 0.017
269045.366 5116825.431 427.830 11.356 0.013
268939.073 5116675.897 427.080 12.169 0.022
268773.459 5116935.490 426.120 15.545 0.021
268585.817 5117117.035 424.800 19.118 0.025
268626.489 5116810.305 424.840 17.264 0.017
268666.831 5116566.341 426.070 14.588 0.013
268720.691 5116338.334 426.050 13.408 0.009
268798.092 5116457.467 427.630 11.691 0.013
268827.444 5116272.332 426.590 12.047 0.016
268690.629 5116088.795 427.040 11.590 0.014
268114.285 5115587.419 419.600 20.387 0.013
268342.105 5115956.318 423.080 17.044 0.035
268112.388 5115917.386 420.110 21.136 0.050
268113.222 5116123.302 420.720 21.446 0.052
268364.071 5116136.512 424.470 16.271 0.065
268524.545 5116381.234 423.680 17.206 0.023
268283.475 5116370.763 423.260 19.035 0.054
268158.291 5116640.082 421.510 22.821 0.035
268364.613 5116606.910 422.640 20.301 0.022
268437.247 5116906.577 424.100 19.826 0.030
268181.064 5116984.470 420.150 25.779 0.054
271074.834 5115978.788 451.050 -23.687 0.021
271140.701 5115868.963 447.890 -20.942 0.025
271260.283 5115988.440 453.120 -26.280 0.013
271165.924 5116074.406 452.310 -24.871 0.027
271138.080 5116204.507 450.810 -22.964 0.039
270957.870 5116351.427 446.860 -18.070 0.017
271068.587 5116558.571 445.900 -16.907 0.014
271363.029 5116123.012 454.530 -27.607 0.049
271300.739 5116349.412 456.540 -28.935 0.026
271234.796 5116589.634 456.740 -28.393 0.046
271372.156 5116730.145 454.830 -26.625 0.021
271073.880 5116874.015 440.340 -10.377 0.086
271196.528 5117026.309 441.470 -11.618 0.025
270930.736 5116715.370 438.220 -8.092 0.057
271230.794 5116821.981 451.730 -22.706 0.028
271485.268 5116394.818 455.470 -28.392 0.024
271635.578 5116644.330 453.250 -26.152 0.040
271830.688 5116768.679 449.400 -22.748 0.053
271812.054 5117030.052 459.100 -32.164 0.038
271900.012 5117237.388 455.140 -28.000 0.051
271983.254 5117176.990 452.560 -25.821 0.048
271970.602 5117028.153 456.380 -29.861 0.031
271550.254 5117096.774 450.360 -21.979 0.026
271485.581 5116952.436 456.840 -28.613 0.050
271667.961 5117077.588 450.400 -22.543 0.037
271682.204 5117248.173 443.100 -14.789 0.020
272242.159 5116793.310 455.080 -29.753 0.031
272174.458 5116912.203 456.000 -30.328 0.022
272195.651 5116617.360 452.350 -27.091 0.017
272053.779 5116820.454 451.420 -25.412 0.024
272022.982 5116626.453 449.990 -24.183 0.008
272081.533 5116537.938 452.170 -26.703 0.009
272482.914 5116796.379 453.360 -28.807 0.018
272763.856 5117009.690 456.480 -32.641 0.047
272895.199 5117024.623 458.260 -34.751 0.011
275001.834 5116108.585 409.570 9.898 0.075
274717.948 5116415.175 407.580 11.254 0.036
274961.769 5116566.866 405.660 12.732 0.042
274510.247 5116146.682 409.750 9.655 0.055
274379.865 5116300.896 409.920 9.511 0.033
274188.174 5115260.937 418.620 2.920 0.028
273872.458 5115233.081 419.820 1.879 0.018
273025.205 5115049.895 420.950 2.219 0.014
273365.410 5115250.251 419.660 2.601 0.008
273478.643 5115617.326 415.740 5.997 0.010
273553.468 5115713.133 416.780 4.719 0.014
273325.732 5115753.706 414.640 7.443 0.025
273129.567 5115615.330 416.130 6.410 0.018
273095.961 5115843.649 418.180 4.459 0.024
272905.882 5115548.294 418.300 4.484 0.013
272755.015 5115372.538 424.350 -1.206 0.010
272853.063 5115833.734 424.800 -1.679 0.019
273019.435 5115937.936 420.960 1.862 0.028
272849.540 5116139.153 439.050 -15.997 0.011
273004.972 5116282.143 442.360 -19.773 0.010
273170.727 5116301.149 435.870 -13.643 0.020
273297.195 5116229.937 423.580 -1.428 0.027
273439.047 5116150.260 414.210 7.744 0.023
273377.740 5116478.397 446.880 -25.126 0.031
273225.880 5116406.470 443.880 -21.815 0.119
272821.260 5116677.462 454.010 -30.668 0.038
271884.070 5116439.703 454.240 -28.344 0.011
271660.650 5116344.222 453.150 -26.680 0.016
271590.186 5116140.018 453.620 -27.348 0.018
271902.620 5116285.921 452.400 -26.826 0.015
272358.287 5116494.272 452.750 -28.290 0.012
272440.100 5116330.466 449.180 -25.145 0.015
272332.140 5116264.940 449.770 -25.521 0.014
272194.606 5116181.713 449.620 -25.047 0.015
272125.422 5116285.864 450.820 -25.942 0.020
272044.227 5116227.136 450.760 -25.698 0.022
271949.487 5116028.840 450.690 -25.711 0.009
271833.310 5115989.996 450.340 -25.117 0.011
271763.479 5116082.939 451.150 -25.574 0.011
271870.263 5116118.681 451.060 -25.705 0.010
272366.133 5116058.296 446.240 -22.132 0.011
272261.335 5115988.537 449.080 -24.837 0.009
272096.747 5115859.923 452.650 -28.193 0.010
272620.900 5115796.506 432.740 -9.208 0.016
272374.252 5115444.298 448.140 -24.699 0.025
272272.805 5115267.274 454.430 -31.127 0.028
272059.741 5115295.220 465.780 -42.441 0.029
272199.500 5115423.199 454.440 -30.774 0.012
272310.162 5115546.477 449.670 -25.904 0.020
271445.742 5115888.508 451.830 -25.739 0.012
271585.446 5115795.071 450.600 -25.005 0.012
271741.078 5115873.829 452.180 -26.861 0.020
271650.890 5115916.352 451.040 -25.439 0.019
271965.503 5115781.919 453.690 -29.052 0.024
271791.143 5115513.713 457.690 -33.064 0.011
271897.697 5115462.016 461.930 -37.818 0.023
271697.842 5115431.296 453.300 -28.516 0.038
271608.137 5115291.894 448.630 -23.905 0.013
271795.563 5115244.081 457.610 -33.569 0.012
271933.462 5115105.773 464.780 -41.217 0.020
272043.491 5114939.355 465.630 -42.328 0.025
271889.435 5114932.514 456.870 -33.161 0.009
271864.243 5114808.286 451.570 -27.773 0.015
271346.486 5115714.864 447.760 -21.624 0.014
271209.046 5115742.579 446.640 -20.125 0.015
271098.358 5115654.368 436.850 -9.908 0.017
271146.086 5115599.070 438.580 -11.909 0.014
271256.438 5115493.927 440.330 -14.198 0.016
271318.189 5115443.448 440.500 -14.621 0.011
271386.757 5115349.769 439.790 -14.268 0.015
271466.172 5115281.498 440.470 -15.291 0.013
271525.964 5115201.166 439.740 -14.787 0.027
271582.083 5115121.861 438.570 -13.787 0.029
271614.495 5115045.443 439.030 -14.379 0.020
271671.954 5114952.182 438.230 -13.699 0.015
271738.629 5114842.668 436.920 -12.500 0.014
271882.498 5114681.663 436.560 -12.428 0.012
271518.572 5115521.421 448.130 -22.722 0.010
270938.819 5115688.700 432.880 -5.314 0.013
271077.775 5115451.088 432.050 -5.305 0.013
271264.380 5115199.129 432.830 -7.149 0.015
271371.158 5115082.885 433.960 -8.731 0.020
271467.284 5114863.348 440.680 -15.936 0.021
271503.829 5114690.314 442.470 -17.725 0.013
271619.565 5114722.828 439.910 -15.395 0.015
271605.452 5114431.189 448.570 -24.060 0.023
271687.185 5114495.345 443.550 -19.156 0.015
271894.951 5114525.884 437.300 -13.018 0.019
272073.693 5114643.177 458.640 -35.055 0.020
272026.535 5114416.852 435.890 -11.670 0.024
271942.436 5114133.047 446.520 -22.018 0.022
271737.407 5114182.620 453.970 -29.389 0.019
271783.103 5113951.728 462.310 -37.485 0.022
270757.554 5115636.176 434.590 -6.579 0.012
270799.660 5115556.720 434.940 -7.212 0.040
270926.243 5115339.816 437.140 -10.424 0.021
271005.964 5115194.982 442.880 -16.858 0.021
271118.544 5114965.032 444.490 -19.015 0.023
271179.777 5114796.971 446.740 -21.547 0.023
271229.346 5114730.702 447.640 -22.510 0.020
271332.707 5114468.726 448.847 -23.860 0.025
271385.443 5114356.613 448.090 -22.981 0.019
271264.205 5114253.548 447.630 -22.253 0.016
271521.263 5114205.691 451.620 -26.738 0.012
271588.407 5114075.354 457.490 -32.551 0.015
271421.824 5113855.485 459.400 -33.753 0.013
271379.317 5113972.444 456.530 -31.087 0.011
271141.582 5113887.633 456.020 -29.927 0.017
271275.564 5113784.727 461.810 -35.598 0.010
271144.384 5113655.999 463.850 -36.814 0.015
271053.218 5113501.193 465.250 -37.812 0.010
270995.269 5113680.925 459.780 -32.739 0.014
270995.471 5113808.531 456.320 -29.605 0.017
270860.527 5113837.938 453.260 -26.525 0.013
271015.157 5114000.163 451.780 -25.654 0.013
271094.634 5114146.504 449.070 -23.302 0.016
271136.770 5114392.704 446.790 -21.276 0.020
270897.392 5114062.861 450.180 -23.969 0.014
270698.742 5114109.228 447.670 -21.120 0.016
270668.872 5113982.619 449.110 -22.333 0.017
270478.675 5113998.637 445.960 -18.968 0.015
270302.975 5114030.027 442.640 -15.186 0.019
270470.300 5114227.366 443.190 -16.255 0.025
270717.343 5115402.478 441.920 -14.382 0.016
270479.026 5115028.442 439.820 -12.213 0.017
270608.030 5115202.630 440.140 -12.691 0.018
270787.491 5115099.009 443.170 -16.636 0.018
270611.268 5114896.545 441.590 -14.600 0.020
270525.216 5114789.507 440.750 -13.626 0.020
270264.283 5114460.828 442.780 -15.097 0.020
270109.233 5114304.201 442.380 -14.379 0.021
269983.727 5114205.547 439.660 -11.406 0.021
270115.555 5114148.978 440.840 -12.995 0.021
270305.902 5114248.543 444.170 -16.869 0.021
271049.361 5114715.170 445.990 -20.507 0.021
270979.072 5114837.399 446.750 -21.087 0.022
270900.250 5114973.299 444.150 -18.117 0.022
270815.609 5114560.464 444.550 -18.431 0.022
270583.214 5114405.160 443.620 -16.916 0.022
271045.074 5114492.701 446.840 -21.239 0.023
270624.296 5115773.562 434.370 -5.704 0.023
270387.195 5115448.327 439.600 -10.771 0.023
270220.428 5114613.340 444.600 -16.674 0.025
270034.654 5114565.343 442.060 -13.470 0.025
269932.024 5114785.595 436.520 -7.328 0.025
270401.698 5114817.831 441.170 -13.577 0.026
270266.387 5115253.587 438.540 -9.775 0.027
270308.924 5115041.267 438.990 -10.788 0.033
270801.161 5115869.748 430.810 -2.470 0.023
270678.156 5115979.379 430.460 -1.406 0.022
270563.262 5116059.781 430.070 -0.334 0.026
270414.503 5116164.820 429.890 0.752 0.021
270315.810 5116233.828 429.390 1.895 0.017
270240.536 5116284.047 429.100 2.704 0.017
270426.527 5116310.342 431.180 -0.261 0.018
270444.764 5115918.024 432.970 -3.226 0.024
270211.782 5116051.256 431.940 -0.788 0.018
270056.273 5116124.625 431.050 0.889 0.020
269926.417 5116253.110 432.180 0.665 0.015
270244.736 5116567.158 430.380 2.150 0.017
270040.306 5116416.059 429.450 3.565 0.019
270174.289 5115851.392 438.180 -7.789 0.020
270269.645 5115794.301 439.420 -9.376 0.019
269954.957 5115767.387 437.620 -7.238 0.017
269804.409 5115775.377 436.480 -4.876 0.017
269748.816 5115668.318 435.090 -3.528 0.020
269640.047 5115436.421 430.070 1.492 0.029
269434.191 5115466.637 429.650 2.904 0.029
270434.265 5115621.242 438.880 -9.847 0.018
270157.355 5115505.007 437.340 -7.573 0.026
269953.625 5115492.957 436.520 -6.082 0.026
269821.151 5115492.368 435.150 -4.269 0.033
269387.468 5115367.481 428.480 4.047 0.049
269301.618 5115128.607 430.050 2.194 0.043
269211.247 5115486.599 428.430 5.292 0.045
269038.769 5115485.308 426.680 7.874 0.039
268899.955 5115587.339 426.750 8.785 0.030
268995.093 5115748.197 427.890 7.692 0.030
269459.197 5115689.442 429.980 3.109 0.029
269432.951 5115854.985 429.810 3.986 0.028
269635.339 5115856.274 432.100 0.602 0.021
269626.867 5116103.926 430.970 2.512 0.014
269579.733 5115208.045 434.170 -3.014 0.013
269532.447 5115065.072 434.930 -3.874 0.017
269761.047 5115061.488 436.930 -6.722 0.020
269950.175 5115254.767 438.520 -8.575 0.023
270033.943 5114966.908 437.490 -8.464 0.036
268698.450 5115617.972 424.850 11.853 0.032
268456.541 5115549.223 421.240 16.669 0.031
268280.397 5115389.654 418.780 19.508 0.024
268588.511 5115251.730 414.790 21.513 0.023
268777.666 5115491.927 421.140 14.844 0.038
268752.653 5115326.979 411.640 24.166 0.029
268941.442 5115342.334 420.140 14.649 0.040
268915.754 5115075.272 406.130 28.520 0.023
268838.506 5114929.762 403.260 31.385 0.024
268870.275 5114789.932 403.620 30.538 0.023
268993.021 5114681.721 408.970 24.328 0.012
269106.936 5114558.602 413.450 18.989 0.028
269310.740 5114736.068 429.250 2.203 0.014
269526.851 5114897.723 434.220 -3.447 0.019
269230.047 5114969.305 418.680 13.994 0.033
269162.054 5115180.257 425.100 8.083 0.032
269004.328 5114312.685 397.100 35.665 0.015
269167.959 5114410.885 416.220 15.576 0.025
269267.641 5114455.977 424.690 6.557 0.020
269418.087 5114530.758 431.260 -0.618 0.056
269622.068 5114694.654 435.510 -5.426 0.023
269742.384 5114638.731 436.390 -6.768 0.029
269796.099 5114324.851 436.590 -7.539 0.016
269571.497 5114406.720 433.520 -3.736 0.028
269641.821 5114506.215 435.390 -5.714 0.027
269464.482 5114364.014 414.120 16.558 0.023
269063.655 5116063.599 428.340 8.035 0.017
270541.849 5117644.926 432.580 2.144 0.015
271131.736 5117702.405 432.760 -0.942 0.014
271979.602 5117649.863 421.270 6.808 0.012
272070.467 5118029.098 419.150 9.301 0.014
272684.295 5118710.320 406.930 20.997 0.012
272190.919 5118703.180 395.190 35.507 0.014
270695.843 5120972.964 409.980 43.789 0.024
270607.771 5121318.949 427.150 29.929 0.010
269362.218 5122007.321 463.650 11.792 0.010
267370.658 5119976.720 461.790 15.201 0.010
267569.869 5119800.029 452.660 20.591 0.013
266993.000 5119827.415 497.370 -18.313 0.011
267123.918 5120252.361 473.690 8.813 0.012
266914.421 5120377.388 482.210 3.899 0.017
266491.620 5120456.150 491.060 0.887 0.012
266251.548 5120312.213 491.280 2.009 0.011
265874.861 5120503.749 464.130 36.209 0.008
266281.948 5120766.242 462.900 35.434 0.011
266500.734 5120107.761 498.120 -10.313 0.013
273566.393 5116271.985 415.710 5.809 0.017
273602.858 5116205.778 412.580 8.943 0.023
273727.945 5116248.406 411.440 9.656 0.018
273801.944 5116281.567 411.750 9.177 0.034
273809.934 5116371.432 416.250 4.761 0.024
273923.938 5116231.472 409.650 10.972 0.021
273857.034 5116046.446 411.300 9.488 0.021
273850.851 5116117.244 410.500 10.306 0.031
273796.198 5116100.782 410.840 10.132 0.027
273776.725 5116159.030 410.580 10.414 0.035
273578.308 5116102.662 412.530 9.119 0.022
273517.473 5116023.103 412.660 9.115 0.022
273448.458 5116081.278 412.960 8.996 0.020
273375.754 5115992.724 413.960 8.197 0.033
273653.973 5115825.658 413.750 7.565 0.049
273683.548 5115896.415 413.090 8.197 0.019
273582.670 5115972.817 412.610 8.931 0.024
273663.793 5116062.455 412.130 9.237 0.023
273658.425 5116155.095 411.390 10.002 0.018
273864.439 5116601.843 447.620 -27.055 0.026
273845.748 5116511.959 436.630 -15.887 0.015
273631.088 5116427.484 430.380 -9.149 0.013
273672.758 5116335.386 417.090 4.097 0.016
273520.452 5116512.928 448.270 -26.816 0.021
274131.982 5116646.613 432.150 -11.980 0.024
273917.073 5115875.414 411.990 8.697 0.030
273730.146 5115676.144 416.880 4.251 0.044
273038.319 5116086.306 426.670 -3.910 0.018
272915.559 5116008.269 427.490 -4.453 0.019
272907.295 5115693.621 420.900 1.998 0.022
273199.127 5115546.721 416.570 5.811 0.022
273034.175 5115496.788 416.980 5.746 0.023
273313.488 5115373.240 417.660 4.604 0.019
273077.710 5115184.350 420.060 2.809 0.021
273840.581 5114953.188 422.300 0.054 0.020
273560.305 5115177.689 420.390 1.665 0.020
273579.801 5115328.274 417.720 4.088 0.020
273805.523 5115531.309 416.110 5.081 0.026
274089.790 5115521.368 416.820 4.097 0.032
274295.738 5115829.427 413.620 6.542 0.052
274060.158 5115776.388 413.160 7.308 0.028
274150.943 5116175.746 409.840 10.165 0.022
273997.847 5116786.629 463.410 -43.582 0.046
274292.235 5116640.519 425.920 -6.107 0.026
274416.983 5116714.957 423.480 -3.906 0.022
274709.309 5116941.406 412.960 6.003 0.020
274092.584 5116369.361 409.900 10.358 0.040
274240.126 5116474.674 410.190 9.655 0.025
272594.686 5115278.958 435.870 -12.636 0.023
272614.322 5115488.886 434.280 -11.094 0.019
274513.058 5115890.704 412.310 7.575 0.050
274758.105 5115889.121 411.220 8.769 0.039
274880.825 5115987.126 410.810 8.934 0.033
275136.855 5115969.730 412.550 7.441 0.053
275327.076 5116124.770 410.830 8.821 0.026
275355.586 5116447.616 408.120 10.669 0.035
275124.439 5116232.139 409.430 9.727 0.043
275028.434 5116402.890 409.600 8.994 0.113
274747.166 5116123.706 409.900 9.415 0.077
274580.493 5116309.230 408.860 10.294 0.063
274852.548 5116497.931 406.370 12.188 0.076
275094.662 5116646.315 404.360 13.835 0.065
275009.981 5116782.584 403.720 14.482 0.047
274744.043 5116651.191 405.040 13.660 0.033
274402.104 5116481.248 407.700 11.692 0.024
270710.660 5112795.454 477.447 -48.615 0.011
265630.017 5113525.806 387.170 59.254 0.014
269502.822 5117618.395 419.210 20.873 0.021
269645.825 5117612.988 430.500 8.725 0.012
269634.847 5117741.217 430.070 9.733 0.013
268513.252 5118194.987 353.770 98.718 0.011
267816.353 5118172.423 347.950 109.835 0.011
267883.927 5118185.258 348.000 109.441 0.012
268479.553 5118795.547 420.250 35.272 0.013
268444.601 5119973.135 418.440 47.599 0.011
268532.975 5120091.978 411.450 54.452 0.010
267426.580 5120630.426 460.940 22.194 0.027
267143.300 5120831.508 451.500 37.090 0.013
266930.226 5120920.559 454.890 37.265 0.013
266921.345 5121081.659 436.460 57.776 0.016
269444.612 5118793.884 404.560 43.120 0.015
269542.418 5118752.732 418.240 28.054 0.012
271804.781 5121729.938 409.580 40.347 0.011
273330.971 5121990.159 426.470 12.158 0.021
272613.722 5120175.236 380.310 54.418 0.017
273092.259 5119135.451 402.030 25.522 0.019
272318.921 5118057.973 411.540 15.991 0.012
