20 76 21
21 76 21
24 67 22
24 68 22
22 70 22
23 70 22
24 70 22
22 71 22
23 71 22
24 71 22
25 71 22
20 72 22
21 72 22
23 72 22
20 73 22
21 73 22
22 73 22
23 73 22
19 74 22
20 74 22
21 74 22
22 74 22
20 75 22
21 75 22
22 75 22
23 75 22
19 76 22
20 76 22
21 76 22
22 76 22
23 76 22
24 76 22
19 77 22
20 77 22
21 77 22
22 77 22
23 77 22
24 77 22
20 78 22
21 78 22
22 78 22
23 78 22
23 67 23
24 67 23
25 67 23
22 68 23
23 68 23
24 68 23
25 68 23
26 68 23
21 69 23
22 69 23
23 69 23
24 69 23
25 69 23
26 69 23
21 70 23
22 70 23
23 70 23
24 70 23
25 70 23
26 70 23
20 71 23
21 71 23
22 71 23
23 71 23
24 71 23
25 71 23
26 71 23
20 72 23
21 72 23
22 72 23
23 72 23
24 72 23
25 72 23
26 72 23
19 73 23
20 73 23
21 73 23
22 73 23
23 73 23
24 73 23
25 73 23
26 73 23
19 74 23
20 74 23
21 74 23
22 74 23
23 74 23
24 74 23
25 74 23
19 75 23
20 75 23
21 75 23
22 75 23
23 75 23
24 75 23
19 76 23
20 76 23
21 76 23
22 76 23
23 76 23
24 76 23
25 76 23
18 77 23
19 77 23
20 77 23
21 77 23
22 77 23
23 77 23
24 77 23
25 77 23
18 78 23
19 78 23
20 78 23
21 78 23
22 78 23
23 78 23
24 78 23
25 78 23
18 79 23
19 79 23
20 79 23
21 79 23
22 79 23
23 79 23
24 79 23
25 79 23
21 80 23
22 80 23
21 83 23
22 83 23
60 49 24
23 67 24
24 67 24
25 67 24
21 68 24
22 68 24
23 68 24
24 68 24
25 68 24
26 68 24
18 69 24
20 69 24
21 69 24
22 69 24
23 69 24
24 69 24
25 69 24
26 69 24
27 69 24
19 70 24
20 70 24
21 70 24
22 70 24
23 70 24
24 70 24
25 70 24
26 70 24
20 71 24
21 71 24
22 71 24
23 71 24
24 71 24
25 71 24
26 71 24
20 72 24
21 72 24
22 72 24
23 72 24
24 72 24
25 72 24
26 72 24
27 72 24
19 73 24
20 73 24
21 73 24
22 73 24
23 73 24
24 73 24
25 73 24
26 73 24
27 73 24
19 74 24
20 74 24
21 74 24
22 74 24
23 74 24
24 74 24
25 74 24
26 74 24
19 75 24
20 75 24
21 75 24
22 75 24
23 75 24
24 75 24
25 75 24
26 75 24
18 76 24
19 76 24
20 76 24
21 76 24
22 76 24
23 76 24
24 76 24
25 76 24
26 76 24
18 77 24
19 77 24
20 77 24
21 77 24
22 77 24
23 77 24
24 77 24
25 77 24
26 77 24
18 78 24
19 78 24
20 78 24
21 78 24
22 78 24
23 78 24
24 78 24
25 78 24
26 78 24
18 79 24
19 79 24
20 79 24
21 79 24
22 79 24
23 79 24
24 79 24
25 79 24
26 79 24
18 80 24
19 80 24
20 80 24
21 80 24
22 80 24
23 80 24
24 80 24
25 80 24
18 81 24
20 81 24
21 81 24
22 81 24
21 82 24
58 48 25
59 48 25
60 48 25
61 48 25
58 49 25
59 49 25
60 49 25
61 49 25
62 49 25
57 50 25
58 50 25
59 50 25
60 50 25
61 50 25
62 50 25
58 51 25
59 51 25
60 51 25
61 51 25
23 67 25
24 67 25
20 68 25
21 68 25
22 68 25
23 68 25
24 68 25
25 68 25
26 68 25
19 69 25
20 69 25
21 69 25
22 69 25
23 69 25
24 69 25
25 69 25
26 69 25
27 69 25
19 70 25
20 70 25
21 70 25
22 70 25
23 70 25
24 70 25
25 70 25
26 70 25
27 70 25
20 71 25
21 71 25
22 71 25
23 71 25
24 71 25
25 71 25
26 71 25
27 71 25
20 72 25
21 72 25
22 72 25
23 72 25
24 72 25
25 72 25
26 72 25
27 72 25
20 73 25
21 73 25
22 73 25
23 73 25
24 73 25
25 73 25
26 73 25
27 73 25
28 73 25
19 74 25
20 74 25
21 74 25
22 74 25
23 74 25
24 74 25
25 74 25
26 74 25
27 74 25
19 75 25
20 75 25
21 75 25
22 75 25
23 75 25
24 75 25
25 75 25
26 75 25
27 75 25
18 76 25
19 76 25
20 76 25
21 76 25
22 76 25
23 76 25
24 76 25
25 76 25
26 76 25
27 76 25
16 77 25
17 77 25
18 77 25
19 77 25
20 77 25
21 77 25
22 77 25
23 77 25
24 77 25
25 77 25
26 77 25
27 77 25
16 78 25
17 78 25
18 78 25
19 78 25
20 78 25
21 78 25
22 78 25
23 78 25
24 78 25
25 78 25
26 78 25
17 79 25
18 79 25
19 79 25
20 79 25
21 79 25
22 79 25
23 79 25
24 79 25
25 79 25
26 79 25
18 80 25
19 80 25
20 80 25
21 80 25
22 80 25
23 80 25
24 80 25
25 80 25
17 81 25
18 81 25
19 81 25
20 81 25
21 81 25
22 81 25
23 81 25
24 81 25
17 82 25
18 82 25
19 82 25
20 82 25
21 82 25
22 82 25
17 83 25
18 83 25
19 83 25
20 83 25
21 83 25
17 84 25
17 85 25
18 85 25
18 86 25
58 48 26
59 48 26
60 48 26
61 48 26
62 48 26
57 49 26
58 49 26
59 49 26
60 49 26
61 49 26
62 49 26
63 49 26
55 50 26
57 50 26
58 50 26
59 50 26
60 50 26
61 50 26
62 50 26
56 51 26
57 51 26
58 51 26
59 51 26
60 51 26
61 51 26
62 51 26
56 52 26
57 52 26
58 52 26
59 52 26
60 52 26
61 52 26
57 53 26
24 66 26
22 67 26
23 67 26
24 67 26
25 67 26
21 68 26
22 68 26
23 68 26
24 68 26
25 68 26
26 68 26
20 69 26
21 69 26
22 69 26
23 69 26
24 69 26
25 69 26
26 69 26
27 69 26
20 70 26
21 70 26
22 70 26
23 70 26
24 70 26
25 70 26
26 70 26
27 70 26
28 70 26
20 71 26
21 71 26
22 71 26
23 71 26
24 71 26
25 71 26
26 71 26
27 71 26
28 71 26
20 72 26
21 72 26
22 72 26
23 72 26
24 72 26
25 72 26
26 72 26
27 72 26
28 72 26
19 73 26
20 73 26
21 73 26
22 73 26
23 73 26
24 73 26
25 73 26
26 73 26
27 73 26
28 73 26
19 74 26
20 74 26
21 74 26
22 74 26
23 74 26
24 74 26
25 74 26
26 74 26
27 74 26
19 75 26
20 75 26
21 75 26
22 75 26
23 75 26
24 75 26
25 75 26
26 75 26
27 75 26
18 76 26
19 76 26
20 76 26
21 76 26
22 76 26
23 76 26
24 76 26
25 76 26
26 76 26
27 76 26
17 77 26
18 77 26
19 77 26
20 77 26
21 77 26
22 77 26
23 77 26
24 77 26
25 77 26
26 77 26
27 77 26
17 78 26
18 78 26
19 78 26
20 78 26
21 78 26
22 78 26
23 78 26
24 78 26
25 78 26
26 78 26
18 79 26
19 79 26
20 79 26
21 79 26
22 79 26
23 79 26
24 79 26
25 79 26
26 79 26
17 80 26
18 80 26
19 80 26
20 80 26
21 80 26
22 80 26
23 80 26
24 80 26
25 80 26
26 80 26
17 81 26
18 81 26
19 81 26
20 81 26
21 81 26
22 81 26
23 81 26
24 81 26
25 81 26
17 82 26
18 82 26
19 82 26
20 82 26
21 82 26
22 82 26
23 82 26
24 82 26
17 83 26
18 83 26
19 83 26
20 83 26
21 83 26
22 83 26
23 83 26
16 84 26
17 84 26
18 84 26
19 84 26
20 84 26
21 84 26
22 84 26
18 85 26
19 85 26
20 85 26
22 85 26
18 86 26
19 86 26
20 86 26
58 48 27
59 48 27
60 48 27
57 49 27
58 49 27
59 49 27
60 49 27
61 49 27
55 50 27
56 50 27
57 50 27
58 50 27
59 50 27
60 50 27
61 50 27
62 50 27
55 51 27
56 51 27
57 51 27
58 51 27
59 51 27
60 51 27
61 51 27
62 51 27
55 52 27
56 52 27
57 52 27
58 52 27
59 52 27
60 52 27
61 52 27
62 52 27
54 53 27
55 53 27
56 53 27
57 53 27
58 53 27
59 53 27
60 53 27
61 53 27
54 54 27
55 54 27
56 54 27
57 54 27
58 54 27
56 55 27
22 67 27
23 67 27
24 67 27
21 68 27
22 68 27
23 68 27
24 68 27
25 68 27
26 68 27
20 69 27
21 69 27
22 69 27
23 69 27
24 69 27
25 69 27
26 69 27
27 69 27
20 70 27
21 70 27
22 70 27
23 70 27
24 70 27
25 70 27
26 70 27
27 70 27
28 70 27
20 71 27
21 71 27
22 71 27
23 71 27
24 71 27
25 71 27
26 71 27
27 71 27
28 71 27
20 72 27
21 72 27
22 72 27
23 72 27
24 72 27
25 72 27
26 72 27
27 72 27
28 72 27
29 72 27
20 73 27
21 73 27
22 73 27
23 73 27
24 73 27
25 73 27
26 73 27
27 73 27
28 73 27
18 74 27
20 74 27
21 74 27
22 74 27
23 74 27
24 74 27
25 74 27
26 74 27
27 74 27
18 75 27
19 75 27
20 75 27
21 75 27
22 75 27
23 75 27
24 75 27
25 75 27
26 75 27
27 75 27
18 76 27
19 76 27
20 76 27
21 76 27
22 76 27
23 76 27
24 76 27
25 76 27
26 76 27
27 76 27
16 77 27
17 77 27
18 77 27
19 77 27
20 77 27
21 77 27
22 77 27
23 77 27
24 77 27
25 77 27
26 77 27
17 78 27
18 78 27
19 78 27
20 78 27
21 78 27
22 78 27
23 78 27
24 78 27
25 78 27
26 78 27
17 79 27
18 79 27
19 79 27
20 79 27
21 79 27
22 79 27
23 79 27
24 79 27
25 79 27
26 79 27
17 80 27
18 80 27
19 80 27
20 80 27
21 80 27
22 80 27
23 80 27
24 80 27
25 80 27
26 80 27
17 81 27
18 81 27
19 81 27
20 81 27
21 81 27
22 81 27
23 81 27
24 81 27
25 81 27
17 82 27
18 82 27
19 82 27
20 82 27
21 82 27
22 82 27
23 82 27
24 82 27
17 83 27
18 83 27
19 83 27
20 83 27
21 83 27
22 83 27
23 83 27
24 83 27
16 84 27
17 84 27
18 84 27
19 84 27
20 84 27
21 84 27
22 84 27
24 84 27
17 85 27
18 85 27
19 85 27
20 85 27
21 85 27
22 85 27
18 86 27
19 86 27
20 86 27
21 86 27
22 86 27
20 87 27
21 87 27
21 88 27
56 49 28
57 49 28
58 49 28
59 49 28
60 49 28
55 50 28
56 50 28
57 50 28
58 50 28
59 50 28
60 50 28
61 50 28
55 51 28
56 51 28
57 51 28
58 51 28
59 51 28
60 51 28
61 51 28
62 51 28
55 52 28
56 52 28
57 52 28
58 52 28
59 52 28
60 52 28
61 52 28
54 53 28
55 53 28
56 53 28
57 53 28
58 53 28
59 53 28
60 53 28
61 53 28
52 54 28
53 54 28
54 54 28
55 54 28
56 54 28
57 54 28
58 54 28
59 54 28
60 54 28
54 55 28
55 55 28
56 55 28
57 55 28
58 55 28
59 55 28
56 56 28
40 59 28
40 60 28
41 60 28
42 60 28
38 61 28
39 61 28
40 61 28
41 61 28
42 61 28
43 61 28
44 61 28
37 62 28
38 62 28
40 62 28
41 62 28
42 62 28
36 63 28
37 63 28
38 63 28
39 63 28
36 64 28
37 64 28
38 64 28
39 64 28
37 65 28
38 65 28
38 66 28
22 68 28
23 68 28
24 68 28
20 69 28
21 69 28
22 69 28
23 69 28
24 69 28
25 69 28
26 69 28
27 69 28
20 70 28
21 70 28
22 70 28
23 70 28
24 70 28
25 70 28
26 70 28
21 71 28
22 71 28
23 71 28
24 71 28
25 71 28
26 71 28
27 71 28
21 72 28
22 72 28
23 72 28
24 72 28
25 72 28
26 72 28
27 72 28
21 73 28
22 73 28
23 73 28
24 73 28
25 73 28
26 73 28
27 73 28
28 73 28
20 74 28
21 74 28
22 74 28
23 74 28
24 74 28
25 74 28
26 74 28
27 74 28
28 74 28
19 75 28
20 75 28
21 75 28
22 75 28
23 75 28
24 75 28
25 75 28
26 75 28
18 76 28
19 76 28
20 76 28
21 76 28
22 76 28
23 76 28
24 76 28
25 76 28
17 77 28
18 77 28
19 77 28
20 77 28
21 77 28
22 77 28
23 77 28
24 77 28
25 77 28
26 77 28
17 78 28
18 78 28
19 78 28
20 78 28
21 78 28
22 78 28
23 78 28
24 78 28
25 78 28
26 78 28
27 78 28
17 79 28
18 79 28
19 79 28
20 79 28
21 79 28
22 79 28
23 79 28
24 79 28
25 79 28
26 79 28
17 80 28
18 80 28
19 80 28
20 80 28
21 80 28
22 80 28
23 80 28
24 80 28
25 80 28
26 80 28
17 81 28
18 81 28
19 81 28
20 81 28
21 81 28
22 81 28
23 81 28
24 81 28
25 81 28
26 81 28
17 82 28
18 82 28
19 82 28
20 82 28
21 82 28
22 82 28
23 82 28
24 82 28
25 82 28
16 83 28
17 83 28
18 83 28
19 83 28
20 83 28
21 83 28
22 83 28
23 83 28
24 83 28
16 84 28
17 84 28
18 84 28
19 84 28
20 84 28
21 84 28
22 84 28
23 84 28
16 85 28
17 85 28
18 85 28
19 85 28
20 85 28
21 85 28
22 85 28
23 85 28
25 85 28
16 86 28
17 86 28
18 86 28
19 86 28
20 86 28
21 86 28
19 87 28
20 87 28
55 48 29
55 49 29
56 49 29
57 49 29
55 50 29
56 50 29
57 50 29
58 50 29
59 50 29
55 51 29
56 51 29
57 51 29
58 51 29
59 51 29
60 51 29
61 51 29
56 52 29
57 52 29
58 52 29
59 52 29
60 52 29
61 52 29
62 52 29
53 53 29
54 53 29
55 53 29
56 53 29
57 53 29
58 53 29
59 53 29
60 53 29
61 53 29
52 54 29
53 54 29
54 54 29
55 54 29
56 54 29
57 54 29
58 54 29
59 54 29
60 54 29
50 55 29
51 55 29
53 55 29
54 55 29
55 55 29
56 55 29
57 55 29
58 55 29
59 55 29
54 56 29
55 56 29
56 56 29
57 56 29
58 56 29
41 58 29
42 58 29
43 58 29
44 58 29
40 59 29
41 59 29
42 59 29
43 59 29
44 59 29
45 59 29
39 60 29
40 60 29
41 60 29
42 60 29
43 60 29
44 60 29
45 60 29
36 61 29
37 61 29
38 61 29
39 61 29
40 61 29
41 61 29
42 61 29
43 61 29
44 61 29
45 61 29
37 62 29
38 62 29
39 62 29
40 62 29
41 62 29
42 62 29
43 62 29
44 62 29
36 63 29
37 63 29
38 63 29
39 63 29
40 63 29
41 63 29
42 63 29
43 63 29
44 63 29
45 63 29
36 64 29
37 64 29
38 64 29
39 64 29
40 64 29
41 64 29
42 64 29
43 64 29
36 65 29
37 65 29
38 65 29
39 65 29
40 65 29
41 65 29
37 66 29
38 66 29
39 66 29
40 66 29
41 66 29
23 68 29
24 68 29
21 69 29
23 69 29
24 69 29
20 70 29
21 70 29
22 70 29
23 70 29
24 70 29
25 70 29
26 70 29
27 70 29
21 71 29
22 71 29
23 71 29
24 71 29
25 71 29
26 71 29
21 72 29
22 72 29
23 72 29
24 72 29
25 72 29
26 72 29
21 73 29
22 73 29
23 73 29
24 73 29
25 73 29
26 73 29
27 73 29
28 73 29
21 74 29
22 74 29
23 74 29
24 74 29
25 74 29
26 74 29
27 74 29
28 74 29
18 75 29
21 75 29
22 75 29
23 75 29
24 75 29
25 75 29
19 76 29
20 76 29
21 76 29
22 76 29
23 76 29
24 76 29
25 76 29
18 77 29
19 77 29
20 77 29
21 77 29
22 77 29
23 77 29
24 77 29
25 77 29
17 78 29
18 78 29
19 78 29
20 78 29
21 78 29
22 78 29
23 78 29
24 78 29
25 78 29
26 78 29
17 79 29
18 79 29
19 79 29
20 79 29
21 79 29
22 79 29
23 79 29
24 79 29
25 79 29
26 79 29
27 79 29
18 80 29
19 80 29
20 80 29
21 80 29
22 80 29
23 80 29
24 80 29
25 80 29
26 80 29
18 81 29
19 81 29
20 81 29
21 81 29
22 81 29
23 81 29
24 81 29
25 81 29
26 81 29
15 82 29
16 82 29
18 82 29
19 82 29
20 82 29
21 82 29
22 82 29
23 82 29
24 82 29
16 83 29
17 83 29
18 83 29
19 83 29
20 83 29
21 83 29
22 83 29
23 83 29
24 83 29
17 84 29
18 84 29
19 84 29
20 84 29
21 84 29
22 84 29
23 84 29
16 85 29
17 85 29
18 85 29
19 85 29
20 85 29
21 85 29
22 85 29
23 85 29
24 85 29
16 86 29
17 86 29
18 86 29
19 86 29
20 86 29
21 86 29
22 86 29
23 86 29
16 87 29
19 87 29
20 87 29
21 87 29
22 87 29
55 49 30
58 49 30
55 50 30
56 50 30
57 50 30
58 50 30
59 50 30
50 51 30
54 51 30
55 51 30
56 51 30
57 51 30
58 51 30
59 51 30
60 51 30
50 52 30
51 52 30
53 52 30
54 52 30
55 52 30
56 52 30
57 52 30
58 52 30
59 52 30
60 52 30
61 52 30
49 53 30
50 53 30
51 53 30
52 53 30
53 53 30
54 53 30
55 53 30
56 53 30
57 53 30
58 53 30
59 53 30
60 53 30
46 54 30
49 54 30
50 54 30
51 54 30
52 54 30
53 54 30
54 54 30
55 54 30
56 54 30
57 54 30
58 54 30
59 54 30
60 54 30
45 55 30
46 55 30
47 55 30
48 55 30
49 55 30
50 55 30
51 55 30
52 55 30
53 55 30
54 55 30
55 55 30
56 55 30
57 55 30
58 55 30
43 56 30
44 56 30
45 56 30
46 56 30
47 56 30
48 56 30
49 56 30
50 56 30
51 56 30
52 56 30
53 56 30
54 56 30
55 56 30
56 56 30
57 56 30
58 56 30
40 57 30
41 57 30
42 57 30
43 57 30
44 57 30
45 57 30
46 57 30
47 57 30
48 57 30
49 57 30
50 57 30
51 57 30
52 57 30
53 57 30
54 57 30
55 57 30
56 57 30
57 57 30
58 57 30
39 58 30
40 58 30
41 58 30
42 58 30
43 58 30
44 58 30
45 58 30
46 58 30
47 58 30
48 58 30
49 58 30
50 58 30
51 58 30
39 59 30
40 59 30
41 59 30
42 59 30
43 59 30
44 59 30
45 59 30
46 59 30
47 59 30
48 59 30
38 60 30
39 60 30
40 60 30
41 60 30
42 60 30
43 60 30
44 60 30
45 60 30
46 60 30
47 60 30
48 60 30
37 61 30
38 61 30
39 61 30
40 61 30
41 61 30
42 61 30
43 61 30
44 61 30
45 61 30
46 61 30
47 61 30
36 62 30
37 62 30
38 62 30
39 62 30
40 62 30
41 62 30
42 62 30
43 62 30
44 62 30
45 62 30
46 62 30
36 63 30
37 63 30
38 63 30
39 63 30
40 63 30
41 63 30
42 63 30
43 63 30
44 63 30
45 63 30
46 63 30
36 64 30
37 64 30
38 64 30
39 64 30
40 64 30
41 64 30
42 64 30
43 64 30
36 65 30
37 65 30
38 65 30
39 65 30
40 65 30
41 65 30
42 65 30
43 65 30
37 66 30
38 66 30
39 66 30
40 66 30
41 66 30
37 67 30
38 67 30
39 67 30
40 67 30
23 70 30
23 71 30
25 71 30
23 72 30
24 72 30
25 72 30
24 73 30
25 73 30
26 73 30
25 74 30
26 74 30
27 74 30
18 77 30
21 77 30
22 77 30
23 77 30
18 78 30
19 78 30
20 78 30
21 78 30
22 78 30
23 78 30
24 78 30
18 79 30
19 79 30
20 79 30
21 79 30
22 79 30
23 79 30
24 79 30
25 79 30
18 80 30
19 80 30
20 80 30
21 80 30
22 80 30
23 80 30
24 80 30
25 80 30
27 80 30
14 81 30
19 81 30
20 81 30
21 81 30
22 81 30
23 81 30
24 81 30
25 81 30
15 82 30
18 82 30
19 82 30
20 82 30
21 82 30
22 82 30
23 82 30
24 82 30
17 83 30
18 83 30
20 83 30
21 83 30
22 83 30
16 84 30
17 84 30
18 84 30
19 84 30
20 84 30
21 84 30
22 84 30
15 85 30
16 85 30
17 85 30
18 85 30
19 85 30
20 85 30
21 85 30
22 85 30
23 85 30
15 86 30
17 86 30
18 86 30
19 86 30
20 86 30
21 86 30
22 86 30
19 87 30
20 87 30
21 87 30
22 87 30
23 87 30
22 88 30
54 49 31
55 49 31
56 49 31
57 49 31
54 50 31
55 50 31
56 50 31
57 50 31
58 50 31
50 51 31
51 51 31
54 51 31
55 51 31
56 51 31
57 51 31
58 51 31
59 51 31
47 52 31
48 52 31
49 52 31
50 52 31
51 52 31
52 52 31
53 52 31
54 52 31
55 52 31
56 52 31
57 52 31
58 52 31
59 52 31
60 52 31
47 53 31
48 53 31
49 53 31
50 53 31
51 53 31
52 53 31
53 53 31
54 53 31
55 53 31
56 53 31
57 53 31
58 53 31
47 54 31
48 54 31
49 54 31
50 54 31
51 54 31
52 54 31
53 54 31
54 54 31
55 54 31
56 54 31
57 54 31
58 54 31
46 55 31
47 55 31
48 55 31
49 55 31
50 55 31
51 55 31
52 55 31
53 55 31
54 55 31
55 55 31
56 55 31
57 55 31
58 55 31
42 56 31
43 56 31
44 56 31
45 56 31
46 56 31
47 56 31
48 56 31
49 56 31
50 56 31
51 56 31
52 56 31
53 56 31
54 56 31
55 56 31
56 56 31
57 56 31
58 56 31
40 57 31
41 57 31
42 57 31
43 57 31
44 57 31
45 57 31
46 57 31
47 57 31
48 57 31
49 57 31
50 57 31
51 57 31
52 57 31
53 57 31
54 57 31
55 57 31
56 57 31
57 57 31
58 57 31
39 58 31
40 58 31
41 58 31
42 58 31
43 58 31
44 58 31
45 58 31
46 58 31
47 58 31
48 58 31
49 58 31
50 58 31
51 58 31
52 58 31
53 58 31
54 58 31
55 58 31
56 58 31
39 59 31
40 59 31
41 59 31
42 59 31
43 59 31
44 59 31
45 59 31
46 59 31
47 59 31
48 59 31
49 59 31
50 59 31
51 59 31
52 59 31
55 59 31
38 60 31
39 60 31
40 60 31
41 60 31
42 60 31
43 60 31
44 60 31
45 60 31
46 60 31
47 60 31
48 60 31
49 60 31
50 60 31
37 61 31
38 61 31
39 61 31
40 61 31
41 61 31
42 61 31
43 61 31
44 61 31
45 61 31
46 61 31
47 61 31
48 61 31
49 61 31
36 62 31
37 62 31
38 62 31
39 62 31
40 62 31
41 62 31
42 62 31
43 62 31
44 62 31
45 62 31
46 62 31
47 62 31
48 62 31
49 62 31
35 63 31
36 63 31
37 63 31
38 63 31
39 63 31
40 63 31
41 63 31
42 63 31
43 63 31
44 63 31
45 63 31
46 63 31
36 64 31
37 64 31
38 64 31
39 64 31
40 64 31
41 64 31
42 64 31
43 64 31
44 64 31
45 64 31
46 64 31
36 65 31
37 65 31
38 65 31
39 65 31
40 65 31
41 65 31
42 65 31
43 65 31
36 66 31
37 66 31
38 66 31
39 66 31
40 66 31
41 66 31
42 66 31
38 67 31
39 67 31
40 67 31
41 67 31
21 79 31
22 79 31
23 79 31
20 80 31
21 80 31
22 80 31
20 81 31
21 81 31
22 81 31
23 81 31
17 82 31
20 82 31
21 82 31
22 82 31
23 82 31
24 82 31
18 83 31
21 83 31
22 83 31
23 83 31
17 84 31
18 84 31
19 84 31
21 84 31
15 85 31
17 85 31
18 85 31
19 85 31
20 85 31
21 85 31
22 85 31
23 85 31
16 86 31
17 86 31
18 86 31
19 86 31
20 86 31
21 86 31
22 86 31
23 86 31
19 87 31
20 87 31
21 87 31
22 87 31
23 87 31
20 88 31
21 88 31
22 88 31
53 48 32
59 48 32
60 48 32
53 49 32
54 49 32
55 49 32
56 49 32
57 49 32
58 49 32
51 50 32
52 50 32
53 50 32
54 50 32
55 50 32
56 50 32
57 50 32
58 50 32
59 50 32
49 51 32
50 51 32
51 51 32
52 51 32
53 51 32
54 51 32
55 51 32
56 51 32
57 51 32
58 51 32
59 51 32
48 52 32
49 52 32
50 52 32
51 52 32
52 52 32
53 52 32
54 52 32
55 52 32
56 52 32
57 52 32
58 52 32
59 52 32
47 53 32
48 53 32
49 53 32
50 53 32
51 53 32
52 53 32
53 53 32
54 53 32
55 53 32
56 53 32
57 53 32
58 53 32
59 53 32
46 54 32
47 54 32
48 54 32
49 54 32
50 54 32
51 54 32
52 54 32
53 54 32
54 54 32
55 54 32
56 54 32
57 54 32
58 54 32
44 55 32
45 55 32
46 55 32
47 55 32
48 55 32
49 55 32
50 55 32
51 55 32
52 55 32
53 55 32
54 55 32
55 55 32
56 55 32
57 55 32
58 55 32
42 56 32
43 56 32
44 56 32
45 56 32
46 56 32
47 56 32
48 56 32
49 56 32
50 56 32
51 56 32
52 56 32
53 56 32
54 56 32
55 56 32
56 56 32
57 56 32
58 56 32
41 57 32
42 57 32
43 57 32
44 57 32
45 57 32
46 57 32
47 57 32
48 57 32
49 57 32
50 57 32
51 57 32
52 57 32
53 57 32
54 57 32
55 57 32
56 57 32
57 57 32
58 57 32
40 58 32
41 58 32
42 58 32
43 58 32
44 58 32
45 58 32
46 58 32
47 58 32
48 58 32
49 58 32
50 58 32
51 58 32
52 58 32
53 58 32
54 58 32
55 58 32
56 58 32
57 58 32
39 59 32
40 59 32
41 59 32
42 59 32
43 59 32
44 59 32
45 59 32
46 59 32
47 59 32
48 59 32
49 59 32
50 59 32
51 59 32
52 59 32
53 59 32
54 59 32
55 59 32
56 59 32
37 60 32
38 60 32
39 60 32
40 60 32
41 60 32
42 60 32
43 60 32
44 60 32
45 60 32
46 60 32
47 60 32
48 60 32
49 60 32
50 60 32
51 60 32
52 60 32
53 60 32
54 60 32
36 61 32
37 61 32
38 61 32
39 61 32
40 61 32
41 61 32
42 61 32
43 61 32
44 61 32
45 61 32
46 61 32
47 61 32
48 61 32
49 61 32
50 61 32
51 61 32
35 62 32
36 62 32
37 62 32
38 62 32
39 62 32
40 62 32
41 62 32
42 62 32
43 62 32
44 62 32
45 62 32
46 62 32
47 62 32
48 62 32
49 62 32
50 62 32
35 63 32
36 63 32
37 63 32
38 63 32
39 63 32
40 63 32
41 63 32
42 63 32
43 63 32
44 63 32
45 63 32
46 63 32
47 63 32
48 63 32
49 63 32
35 64 32
36 64 32
37 64 32
38 64 32
39 64 32
40 64 32
41 64 32
42 64 32
43 64 32
44 64 32
45 64 32
35 65 32
36 65 32
37 65 32
38 65 32
39 65 32
40 65 32
41 65 32
42 65 32
37 66 32
38 66 32
39 66 32
40 66 32
41 66 32
42 66 32
38 67 32
39 67 32
40 67 32
41 67 32
22 81 32
23 82 32
19 83 32
20 83 32
23 83 32
18 84 32
19 84 32
20 84 32
18 85 32
19 85 32
20 85 32
21 85 32
17 86 32
18 86 32
19 86 32
20 86 32
21 86 32
22 86 32
19 87 32
20 87 32
21 87 32
22 87 32
20 88 32
21 88 32
22 88 32
51 48 33
52 48 33
53 48 33
55 48 33
57 48 33
59 48 33
52 49 33
53 49 33
54 49 33
55 49 33
56 49 33
57 49 33
58 49 33
46 50 33
52 50 33
53 50 33
54 50 33
55 50 33
56 50 33
57 50 33
58 50 33
46 51 33
48 51 33
49 51 33
50 51 33
51 51 33
52 51 33
53 51 33
54 51 33
55 51 33
56 51 33
57 51 33
58 51 33
48 52 33
49 52 33
50 52 33
51 52 33
52 52 33
53 52 33
54 52 33
55 52 33
56 52 33
57 52 33
58 52 33
59 52 33
45 53 33
46 53 33
47 53 33
48 53 33
49 53 33
50 53 33
51 53 33
52 53 33
53 53 33
54 53 33
55 53 33
56 53 33
57 53 33
58 53 33
59 53 33
45 54 33
46 54 33
47 54 33
48 54 33
49 54 33
50 54 33
51 54 33
52 54 33
53 54 33
54 54 33
55 54 33
56 54 33
57 54 33
58 54 33
59 54 33
43 55 33
44 55 33
45 55 33
46 55 33
47 55 33
48 55 33
49 55 33
50 55 33
51 55 33
52 55 33
53 55 33
54 55 33
55 55 33
56 55 33
57 55 33
58 55 33
59 55 33
42 56 33
43 56 33
44 56 33
45 56 33
46 56 33
47 56 33
48 56 33
49 56 33
50 56 33
51 56 33
52 56 33
53 56 33
54 56 33
55 56 33
56 56 33
57 56 33
58 56 33
42 57 33
43 57 33
44 57 33
45 57 33
46 57 33
47 57 33
48 57 33
49 57 33
50 57 33
51 57 33
52 57 33
53 57 33
54 57 33
55 57 33
56 57 33
57 57 33
58 57 33
41 58 33
42 58 33
43 58 33
44 58 33
45 58 33
46 58 33
47 58 33
48 58 33
49 58 33
50 58 33
51 58 33
52 58 33
53 58 33
54 58 33
55 58 33
56 58 33
57 58 33
39 59 33
40 59 33
41 59 33
42 59 33
43 59 33
44 59 33
45 59 33
46 59 33
47 59 33
48 59 33
49 59 33
50 59 33
51 59 33
52 59 33
53 59 33
54 59 33
55 59 33
56 59 33
38 60 33
39 60 33
40 60 33
41 60 33
42 60 33
43 60 33
44 60 33
45 60 33
46 60 33
47 60 33
48 60 33
49 60 33
50 60 33
51 60 33
52 60 33
53 60 33
54 60 33
55 60 33
56 60 33
36 61 33
37 61 33
38 61 33
39 61 33
40 61 33
41 61 33
42 61 33
43 61 33
44 61 33
45 61 33
46 61 33
47 61 33
48 61 33
49 61 33
50 61 33
51 61 33
52 61 33
53 61 33
35 62 33
36 62 33
37 62 33
38 62 33
39 62 33
40 62 33
41 62 33
42 62 33
43 62 33
44 62 33
45 62 33
46 62 33
47 62 33
48 62 33
49 62 33
50 62 33
33 63 33
34 63 33
35 63 33
36 63 33
37 63 33
38 63 33
39 63 33
40 63 33
41 63 33
42 63 33
43 63 33
44 63 33
45 63 33
46 63 33
47 63 33
48 63 33
49 63 33
50 63 33
35 64 33
36 64 33
37 64 33
38 64 33
39 64 33
40 64 33
41 64 33
42 64 33
43 64 33
44 64 33
36 65 33
37 65 33
38 65 33
39 65 33
40 65 33
41 65 33
42 65 33
37 66 33
38 66 33
39 66 33
40 66 33
21 85 33
18 86 33
19 86 33
20 86 33
21 86 33
22 86 33
19 87 33
20 87 33
21 87 33
22 87 33
21 88 33
21 89 33
22 89 33
52 47 34
55 47 34
56 47 34
51 48 34
52 48 34
53 48 34
54 48 34
55 48 34
56 48 34
57 48 34
50 49 34
51 49 34
52 49 34
53 49 34
54 49 34
55 49 34
56 49 34
57 49 34
46 50 34
48 50 34
49 50 34
50 50 34
51 50 34
52 50 34
53 50 34
54 50 34
55 50 34
56 50 34
57 50 34
58 50 34
48 51 34
49 51 34
50 51 34
51 51 34
52 51 34
53 51 34
54 51 34
55 51 34
56 51 34
57 51 34
58 51 34
44 52 34
47 52 34
48 52 34
49 52 34
50 52 34
51 52 34
52 52 34
53 52 34
54 52 34
55 52 34
56 52 34
57 52 34
58 52 34
59 52 34
44 53 34
45 53 34
46 53 34
47 53 34
48 53 34
49 53 34
50 53 34
51 53 34
52 53 34
53 53 34
54 53 34
55 53 34
56 53 34
57 53 34
58 53 34
59 53 34
44 54 34
45 54 34
46 54 34
47 54 34
48 54 34
49 54 34
50 54 34
51 54 34
52 54 34
53 54 34
54 54 34
55 54 34
56 54 34
57 54 34
58 54 34
59 54 34
44 55 34
45 55 34
46 55 34
47 55 34
48 55 34
49 55 34
50 55 34
51 55 34
52 55 34
53 55 34
54 55 34
55 55 34
56 55 34
57 55 34
58 55 34
43 56 34
44 56 34
45 56 34
46 56 34
47 56 34
48 56 34
49 56 34
50 56 34
51 56 34
52 56 34
53 56 34
54 56 34
55 56 34
56 56 34
57 56 34
58 56 34
42 57 34
43 57 34
44 57 34
45 57 34
46 57 34
47 57 34
48 57 34
49 57 34
50 57 34
51 57 34
52 57 34
53 57 34
54 57 34
55 57 34
56 57 34
57 57 34
40 58 34
41 58 34
42 58 34
43 58 34
44 58 34
45 58 34
46 58 34
47 58 34
48 58 34
49 58 34
50 58 34
51 58 34
52 58 34
53 58 34
54 58 34
55 58 34
56 58 34
57 58 34
58 58 34
39 59 34
40 59 34
41 59 34
42 59 34
43 59 34
44 59 34
45 59 34
46 59 34
47 59 34
48 59 34
49 59 34
50 59 34
51 59 34
52 59 34
53 59 34
54 59 34
55 59 34
56 59 34
57 59 34
38 60 34
39 60 34
40 60 34
41 60 34
42 60 34
43 60 34
44 60 34
45 60 34
46 60 34
47 60 34
48 60 34
49 60 34
50 60 34
51 60 34
52 60 34
53 60 34
54 60 34
55 60 34
37 61 34
38 61 34
39 61 34
40 61 34
41 61 34
42 61 34
43 61 34
44 61 34
45 61 34
46 61 34
47 61 34
48 61 34
49 61 34
50 61 34
51 61 34
52 61 34
53 61 34
54 61 34
36 62 34
37 62 34
38 62 34
39 62 34
40 62 34
41 62 34
42 62 34
43 62 34
44 62 34
45 62 34
46 62 34
47 62 34
48 62 34
49 62 34
50 62 34
51 62 34
53 62 34
33 63 34
34 63 34
35 63 34
36 63 34
37 63 34
38 63 34
39 63 34
40 63 34
41 63 34
42 63 34
43 63 34
44 63 34
45 63 34
46 63 34
47 63 34
48 63 34
50 63 34
35 64 34
36 64 34
37 64 34
38 64 34
39 64 34
40 64 34
41 64 34
42 64 34
43 64 34
44 64 34
35 65 34
36 65 34
37 65 34
38 65 34
39 65 34
40 65 34
41 65 34
42 65 34
43 65 34
38 66 34
39 66 34
40 66 34
41 66 34
20 86 34
21 86 34
20 87 34
21 87 34
22 87 34
20 88 34
21 88 34
21 89 34
58 47 35
51 48 35
53 48 35
54 48 35
55 48 35
50 49 35
51 49 35
52 49 35
53 49 35
54 49 35
55 49 35
56 49 35
57 49 35
58 49 35
48 50 35
49 50 35
50 50 35
51 50 35
52 50 35
53 50 35
54 50 35
55 50 35
56 50 35
57 50 35
58 50 35
59 50 35
48 51 35
49 51 35
50 51 35
51 51 35
52 51 35
53 51 35
54 51 35
55 51 35
56 51 35
57 51 35
58 51 35
59 51 35
47 52 35
48 52 35
49 52 35
50 52 35
51 52 35
52 52 35
53 52 35
54 52 35
55 52 35
56 52 35
57 52 35
58 52 35
59 52 35
44 53 35
45 53 35
46 53 35
47 53 35
48 53 35
49 53 35
50 53 35
51 53 35
52 53 35
53 53 35
54 53 35
55 53 35
56 53 35
57 53 35
58 53 35
59 53 35
43 54 35
44 54 35
45 54 35
46 54 35
47 54 35
48 54 35
49 54 35
50 54 35
51 54 35
52 54 35
53 54 35
54 54 35
55 54 35
56 54 35
57 54 35
58 54 35
59 54 35
43 55 35
44 55 35
45 55 35
46 55 35
47 55 35
48 55 35
49 55 35
50 55 35
51 55 35
52 55 35
53 55 35
54 55 35
55 55 35
56 55 35
57 55 35
58 55 35
44 56 35
45 56 35
46 56 35
47 56 35
48 56 35
49 56 35
50 56 35
51 56 35
52 56 35
53 56 35
54 56 35
55 56 35
56 56 35
57 56 35
58 56 35
42 57 35
43 57 35
44 57 35
45 57 35
46 57 35
47 57 35
48 57 35
49 57 35
50 57 35
51 57 35
52 57 35
53 57 35
54 57 35
55 57 35
56 57 35
57 57 35
58 57 35
41 58 35
42 58 35
43 58 35
44 58 35
45 58 35
46 58 35
47 58 35
48 58 35
49 58 35
50 58 35
51 58 35
52 58 35
53 58 35
54 58 35
55 58 35
56 58 35
57 58 35
58 58 35
39 59 35
40 59 35
41 59 35
42 59 35
43 59 35
44 59 35
45 59 35
46 59 35
47 59 35
48 59 35
49 59 35
50 59 35
51 59 35
52 59 35
53 59 35
54 59 35
55 59 35
56 59 35
58 59 35
38 60 35
39 60 35
40 60 35
41 60 35
42 60 35
43 60 35
44 60 35
45 60 35
46 60 35
47 60 35
48 60 35
49 60 35
50 60 35
51 60 35
52 60 35
53 60 35
54 60 35
55 60 35
37 61 35
38 61 35
39 61 35
40 61 35
41 61 35
42 61 35
43 61 35
44 61 35
45 61 35
46 61 35
47 61 35
48 61 35
49 61 35
50 61 35
51 61 35
52 61 35
53 61 35
37 62 35
38 62 35
39 62 35
40 62 35
41 62 35
42 62 35
43 62 35
44 62 35
45 62 35
46 62 35
47 62 35
48 62 35
49 62 35
50 62 35
51 62 35
35 63 35
36 63 35
37 63 35
38 63 35
39 63 35
40 63 35
41 63 35
42 63 35
43 63 35
44 63 35
45 63 35
46 63 35
35 64 35
36 64 35
37 64 35
38 64 35
39 64 35
40 64 35
41 64 35
42 64 35
43 64 35
44 64 35
36 65 35
37 65 35
38 65 35
39 65 35
40 65 35
41 65 35
42 65 35
43 65 35
38 66 35
39 66 35
40 66 35
41 66 35
42 66 35
20 87 35
21 89 35
22 89 35
23 89 35
22 90 35
23 91 35
53 46 36
53 47 36
54 47 36
50 48 36
52 48 36
53 48 36
54 48 36
55 48 36
50 49 36
53 49 36
54 49 36
55 49 36
56 49 36
57 49 36
58 49 36
47 50 36
49 50 36
50 50 36
51 50 36
52 50 36
53 50 36
54 50 36
55 50 36
56 50 36
57 50 36
58 50 36
59 50 36
48 51 36
49 51 36
50 51 36
51 51 36
52 51 36
53 51 36
54 51 36
55 51 36
56 51 36
57 51 36
58 51 36
59 51 36
46 52 36
47 52 36
48 52 36
49 52 36
50 52 36
51 52 36
52 52 36
53 52 36
54 52 36
55 52 36
56 52 36
57 52 36
58 52 36
59 52 36
44 53 36
45 53 36
46 53 36
47 53 36
48 53 36
49 53 36
50 53 36
51 53 36
52 53 36
53 53 36
54 53 36
55 53 36
56 53 36
57 53 36
58 53 36
59 53 36
60 53 36
45 54 36
46 54 36
47 54 36
48 54 36
49 54 36
50 54 36
51 54 36
52 54 36
53 54 36
54 54 36
55 54 36
56 54 36
57 54 36
58 54 36
59 54 36
60 54 36
43 55 36
44 55 36
45 55 36
46 55 36
47 55 36
48 55 36
49 55 36
50 55 36
51 55 36
52 55 36
53 55 36
54 55 36
55 55 36
56 55 36
57 55 36
45 56 36
46 56 36
47 56 36
48 56 36
49 56 36
50 56 36
51 56 36
52 56 36
53 56 36
54 56 36
55 56 36
56 56 36
57 56 36
44 57 36
45 57 36
46 57 36
47 57 36
48 57 36
49 57 36
50 57 36
51 57 36
52 57 36
53 57 36
54 57 36
55 57 36
56 57 36
57 57 36
41 58 36
42 58 36
43 58 36
44 58 36
45 58 36
46 58 36
47 58 36
48 58 36
49 58 36
50 58 36
51 58 36
52 58 36
53 58 36
54 58 36
55 58 36
56 58 36
57 58 36
39 59 36
40 59 36
41 59 36
42 59 36
43 59 36
44 59 36
45 59 36
46 59 36
47 59 36
48 59 36
49 59 36
50 59 36
51 59 36
52 59 36
53 59 36
54 59 36
55 59 36
56 59 36
39 60 36
40 60 36
41 60 36
42 60 36
43 60 36
44 60 36
45 60 36
46 60 36
47 60 36
48 60 36
49 60 36
50 60 36
51 60 36
52 60 36
53 60 36
54 60 36
39 61 36
40 61 36
41 61 36
42 61 36
43 61 36
44 61 36
45 61 36
46 61 36
47 61 36
48 61 36
49 61 36
50 61 36
51 61 36
52 61 36
53 61 36
54 61 36
37 62 36
38 62 36
39 62 36
40 62 36
41 62 36
42 62 36
43 62 36
44 62 36
45 62 36
47 62 36
51 62 36
53 62 36
37 63 36
38 63 36
39 63 36
40 63 36
41 63 36
42 63 36
43 63 36
44 63 36
45 63 36
36 64 36
37 64 36
38 64 36
39 64 36
40 64 36
41 64 36
42 64 36
43 64 36
44 64 36
36 65 36
37 65 36
38 65 36
39 65 36
40 65 36
41 65 36
42 65 36
37 66 36
38 66 36
39 66 36
40 66 36
41 66 36
42 66 36
22 88 36
22 89 36
22 91 36
57 46 37
54 47 37
52 48 37
53 48 37
54 48 37
55 48 37
56 48 37
53 49 37
54 49 37
55 49 37
56 49 37
57 49 37
54 50 37
55 50 37
56 50 37
57 50 37
58 50 37
47 51 37
48 51 37
49 51 37
50 51 37
51 51 37
52 51 37
53 51 37
54 51 37
55 51 37
56 51 37
57 51 37
58 51 37
59 51 37
46 52 37
47 52 37
48 52 37
49 52 37
50 52 37
51 52 37
52 52 37
53 52 37
54 52 37
55 52 37
56 52 37
57 52 37
58 52 37
59 52 37
60 52 37
46 53 37
47 53 37
48 53 37
49 53 37
50 53 37
51 53 37
52 53 37
53 53 37
54 53 37
55 53 37
56 53 37
57 53 37
58 53 37
59 53 37
60 53 37
45 54 37
46 54 37
47 54 37
48 54 37
49 54 37
50 54 37
51 54 37
52 54 37
53 54 37
54 54 37
55 54 37
56 54 37
57 54 37
58 54 37
59 54 37
44 55 37
45 55 37
46 55 37
47 55 37
48 55 37
49 55 37
50 55 37
51 55 37
52 55 37
53 55 37
54 55 37
55 55 37
56 55 37
57 55 37
58 55 37
45 56 37
46 56 37
47 56 37
48 56 37
49 56 37
50 56 37
51 56 37
52 56 37
53 56 37
54 56 37
55 56 37
56 56 37
57 56 37
58 56 37
45 57 37
46 57 37
47 57 37
48 57 37
49 57 37
50 57 37
51 57 37
52 57 37
53 57 37
54 57 37
55 57 37
56 57 37
57 57 37
58 57 37
43 58 37
44 58 37
45 58 37
46 58 37
47 58 37
48 58 37
49 58 37
50 58 37
51 58 37
52 58 37
53 58 37
54 58 37
55 58 37
56 58 37
57 58 37
42 59 37
43 59 37
44 59 37
45 59 37
47 59 37
48 59 37
49 59 37
50 59 37
51 59 37
52 59 37
53 59 37
54 59 37
55 59 37
41 60 37
42 60 37
43 60 37
44 60 37
45 60 37
46 60 37
47 60 37
48 60 37
49 60 37
50 60 37
51 60 37
52 60 37
53 60 37
54 60 37
40 61 37
41 61 37
42 61 37
43 61 37
44 61 37
45 61 37
49 61 37
50 61 37
51 61 37
52 61 37
53 61 37
40 62 37
41 62 37
42 62 37
43 62 37
44 62 37
45 62 37
51 62 37
39 63 37
40 63 37
41 63 37
42 63 37
43 63 37
44 63 37
45 63 37
37 64 37
38 64 37
39 64 37
40 64 37
41 64 37
42 64 37
37 65 37
38 65 37
39 65 37
38 66 37
39 66 37
22 88 37
22 89 37
22 90 37
21 91 37
22 91 37
23 91 37
22 92 37
23 92 37
24 92 37
23 93 37
24 93 37
56 44 38
56 45 38
53 47 38
54 47 38
55 47 38
56 47 38
57 47 38
54 48 38
55 48 38
56 48 38
57 48 38
54 49 38
55 49 38
56 49 38
57 49 38
49 50 38
50 50 38
52 50 38
54 50 38
55 50 38
56 50 38
57 50 38
58 50 38
48 51 38
49 51 38
50 51 38
51 51 38
52 51 38
54 51 38
55 51 38
56 51 38
57 51 38
58 51 38
59 51 38
46 52 38
47 52 38
48 52 38
49 52 38
50 52 38
51 52 38
52 52 38
53 52 38
54 52 38
55 52 38
56 52 38
57 52 38
58 52 38
59 52 38
60 52 38
45 53 38
46 53 38
47 53 38
48 53 38
49 53 38
50 53 38
51 53 38
52 53 38
53 53 38
54 53 38
55 53 38
56 53 38
57 53 38
58 53 38
59 53 38
60 53 38
46 54 38
47 54 38
48 54 38
49 54 38
50 54 38
51 54 38
52 54 38
53 54 38
54 54 38
55 54 38
56 54 38
57 54 38
58 54 38
59 54 38
46 55 38
47 55 38
48 55 38
49 55 38
50 55 38
51 55 38
52 55 38
53 55 38
54 55 38
55 55 38
56 55 38
57 55 38
58 55 38
59 55 38
45 56 38
46 56 38
47 56 38
48 56 38
49 56 38
50 56 38
51 56 38
52 56 38
53 56 38
54 56 38
55 56 38
56 56 38
57 56 38
58 56 38
59 56 38
46 57 38
47 57 38
48 57 38
49 57 38
50 57 38
51 57 38
52 57 38
53 57 38
54 57 38
55 57 38
56 57 38
57 57 38
58 57 38
47 58 38
48 58 38
49 58 38
50 58 38
51 58 38
52 58 38
53 58 38
54 58 38
55 58 38
56 58 38
47 59 38
48 59 38
49 59 38
50 59 38
51 59 38
52 59 38
53 59 38
54 59 38
55 59 38
56 59 38
43 60 38
48 60 38
49 60 38
50 60 38
51 60 38
52 60 38
53 60 38
54 60 38
55 60 38
42 61 38
43 61 38
44 61 38
45 61 38
46 61 38
52 61 38
53 61 38
54 61 38
42 62 38
43 62 38
44 62 38
42 63 38
43 63 38
44 63 38
23 88 38
24 89 38
20 90 38
21 90 38
22 90 38
23 90 38
20 91 38
21 91 38
22 91 38
23 91 38
20 92 38
21 92 38
22 92 38
23 92 38
24 92 38
25 92 38
22 93 38
23 93 38
24 93 38
25 93 38
24 94 38
20 99 38
21 99 38
22 99 38
57 43 39
56 45 39
55 47 39
56 47 39
55 48 39
56 48 39
57 48 39
58 48 39
49 49 39
50 49 39
55 49 39
56 49 39
57 49 39
58 49 39
49 50 39
50 50 39
51 50 39
52 50 39
55 50 39
56 50 39
57 50 39
58 50 39
49 51 39
50 51 39
51 51 39
52 51 39
53 51 39
54 51 39
55 51 39
56 51 39
57 51 39
58 51 39
59 51 39
46 52 39
47 52 39
48 52 39
49 52 39
50 52 39
51 52 39
52 52 39
53 52 39
54 52 39
55 52 39
56 52 39
57 52 39
58 52 39
59 52 39
60 52 39
46 53 39
47 53 39
48 53 39
49 53 39
50 53 39
51 53 39
52 53 39
53 53 39
54 53 39
55 53 39
56 53 39
57 53 39
58 53 39
46 54 39
47 54 39
48 54 39
49 54 39
50 54 39
51 54 39
52 54 39
53 54 39
54 54 39
55 54 39
56 54 39
47 55 39
48 55 39
49 55 39
50 55 39
51 55 39
52 55 39
53 55 39
54 55 39
55 55 39
56 55 39
57 55 39
58 55 39
46 56 39
47 56 39
48 56 39
49 56 39
50 56 39
51 56 39
52 56 39
53 56 39
54 56 39
55 56 39
56 56 39
57 56 39
58 56 39
47 57 39
48 57 39
49 57 39
50 57 39
51 57 39
52 57 39
53 57 39
54 57 39
55 57 39
56 57 39
57 57 39
58 57 39
47 58 39
48 58 39
49 58 39
50 58 39
51 58 39
52 58 39
53 58 39
54 58 39
55 58 39
56 58 39
57 58 39
59 58 39
60 58 39
48 59 39
49 59 39
50 59 39
51 59 39
52 59 39
53 59 39
54 59 39
55 59 39
56 59 39
50 60 39
51 60 39
52 60 39
53 60 39
54 60 39
55 60 39
53 61 39
54 61 39
24 89 39
22 91 39
23 91 39
24 91 39
22 92 39
23 92 39
24 92 39
25 92 39
22 93 39
23 93 39
24 93 39
25 93 39
26 93 39
22 94 39
23 94 39
24 94 39
25 94 39
22 95 39
23 95 39
24 95 39
22 96 39
23 96 39
24 96 39
23 97 39
20 98 39
21 98 39
22 98 39
19 99 39
20 99 39
21 99 39
22 99 39
19 100 39
20 100 39
21 100 39
22 100 39
18 101 39
56 45 40
57 45 40
55 47 40
56 47 40
55 48 40
56 48 40
57 48 40
49 49 40
50 49 40
51 49 40
52 49 40
53 49 40
54 49 40
56 49 40
57 49 40
58 49 40
49 50 40
50 50 40
51 50 40
52 50 40
53 50 40
54 50 40
56 50 40
57 50 40
58 50 40
47 51 40
49 51 40
50 51 40
51 51 40
52 51 40
53 51 40
54 51 40
55 51 40
56 51 40
49 52 40
50 52 40
51 52 40
52 52 40
53 52 40
54 52 40
55 52 40
56 52 40
57 52 40
48 53 40
49 53 40
50 53 40
51 53 40
52 53 40
53 53 40
54 53 40
55 53 40
56 53 40
57 53 40
47 54 40
48 54 40
49 54 40
50 54 40
51 54 40
52 54 40
53 54 40
54 54 40
55 54 40
56 54 40
47 55 40
48 55 40
49 55 40
50 55 40
51 55 40
52 55 40
53 55 40
54 55 40
55 55 40
56 55 40
57 55 40
48 56 40
49 56 40
50 56 40
51 56 40
52 56 40
53 56 40
54 56 40
55 56 40
56 56 40
57 56 40
48 57 40
49 57 40
50 57 40
51 57 40
52 57 40
53 57 40
54 57 40
55 57 40
56 57 40
57 57 40
58 57 40
49 58 40
50 58 40
51 58 40
52 58 40
53 58 40
54 58 40
55 58 40
56 58 40
57 58 40
58 58 40
49 59 40
50 59 40
51 59 40
52 59 40
53 59 40
54 59 40
55 59 40
56 59 40
51 60 40
52 60 40
53 60 40
54 60 40
55 60 40
56 60 40
53 61 40
23 91 40
23 92 40
24 92 40
25 92 40
22 93 40
23 93 40
24 93 40
25 93 40
26 93 40
22 94 40
23 94 40
24 94 40
25 94 40
26 94 40
22 95 40
23 95 40
24 95 40
25 95 40
21 96 40
22 96 40
23 96 40
24 96 40
20 97 40
21 97 40
22 97 40
23 97 40
20 98 40
21 98 40
22 98 40
23 98 40
19 99 40
20 99 40
21 99 40
22 99 40
19 100 40
20 100 40
21 100 40
22 100 40
18 101 40
19 101 40
20 101 40
21 101 40
22 101 40
19 102 40
20 102 40
21 102 40
57 45 41
50 46 41
54 46 41
55 46 41
52 47 41
53 47 41
54 47 41
55 47 41
51 48 41
52 48 41
53 48 41
54 48 41
55 48 41
49 49 41
50 49 41
51 49 41
52 49 41
53 49 41
54 49 41
55 49 41
56 49 41
57 49 41
50 50 41
51 50 41
52 50 41
53 50 41
54 50 41
55 50 41
56 50 41
48 51 41
50 51 41
51 51 41
52 51 41
53 51 41
54 51 41
55 51 41
56 51 41
57 51 41
50 52 41
51 52 41
52 52 41
53 52 41
54 52 41
55 52 41
56 52 41
57 52 41
50 53 41
51 53 41
52 53 41
53 53 41
54 53 41
55 53 41
56 53 41
57 53 41
50 54 41
51 54 41
52 54 41
53 54 41
54 54 41
55 54 41
56 54 41
57 54 41
58 54 41
49 55 41
50 55 41
52 55 41
53 55 41
54 55 41
55 55 41
56 55 41
57 55 41
58 55 41
49 56 41
50 56 41
51 56 41
52 56 41
53 56 41
54 56 41
55 56 41
56 56 41
57 56 41
58 56 41
47 57 41
50 57 41
51 57 41
52 57 41
53 57 41
54 57 41
55 57 41
56 57 41
57 57 41
58 57 41
51 58 41
52 58 41
53 58 41
54 58 41
55 58 41
56 58 41
57 58 41
52 59 41
53 59 41
54 59 41
55 59 41
56 59 41
52 60 41
53 60 41
54 60 41
55 60 41
56 60 41
56 62 41
22 91 41
23 91 41
24 91 41
21 92 41
22 92 41
23 92 41
24 92 41
23 93 41
24 93 41
25 93 41
23 94 41
24 94 41
25 94 41
21 95 41
22 95 41
23 95 41
24 95 41
25 95 41
21 96 41
22 96 41
23 96 41
24 96 41
25 96 41
21 97 41
22 97 41
23 97 41
24 97 41
22 98 41
23 98 41
20 99 41
21 99 41
22 99 41
23 99 41
18 100 41
19 100 41
20 100 41
21 100 41
22 100 41
18 101 41
19 101 41
20 101 41
21 101 41
22 101 41
17 102 41
18 102 41
19 102 41
20 102 41
21 102 41
17 103 41
18 103 41
19 103 41
20 103 41
18 104 41
19 104 41
53 46 42
50 47 42
51 47 42
52 47 42
53 47 42
54 47 42
58 47 42
50 48 42
51 48 42
52 48 42
53 48 42
54 48 42
55 48 42
56 48 42
50 49 42
51 49 42
52 49 42
53 49 42
54 49 42
55 49 42
56 49 42
57 49 42
49 50 42
50 50 42
51 50 42
52 50 42
53 50 42
54 50 42
55 50 42
56 50 42
49 51 42
50 51 42
51 51 42
52 51 42
53 51 42
54 51 42
55 51 42
56 51 42
57 51 42
58 51 42
49 52 42
50 52 42
51 52 42
52 52 42
53 52 42
54 52 42
55 52 42
56 52 42
57 52 42
50 53 42
51 53 42
52 53 42
53 53 42
54 53 42
55 53 42
56 53 42
57 53 42
51 54 42
52 54 42
53 54 42
54 54 42
55 54 42
56 54 42
57 54 42
58 54 42
52 55 42
53 55 42
54 55 42
55 55 42
56 55 42
57 55 42
58 55 42
51 56 42
52 56 42
53 56 42
54 56 42
55 56 42
56 56 42
57 56 42
58 56 42
52 57 42
53 57 42
54 57 42
55 57 42
56 57 42
57 57 42
58 57 42
59 57 42
52 58 42
53 58 42
54 58 42
55 58 42
56 58 42
57 58 42
51 59 42
53 59 42
54 59 42
55 59 42
56 59 42
54 60 42
55 60 42
56 60 42
56 61 42
22 90 42
23 90 42
22 91 42
23 91 42
24 91 42
22 92 42
23 92 42
24 92 42
25 92 42
22 93 42
23 93 42
24 93 42
25 93 42
22 94 42
23 94 42
24 94 42
25 94 42
21 95 42
22 95 42
23 95 42
24 95 42
25 95 42
20 96 42
21 96 42
22 96 42
23 96 42
24 96 42
25 96 42
21 97 42
22 97 42
23 97 42
24 97 42
22 98 42
23 98 42
24 98 42
22 99 42
23 99 42
18 100 42
19 100 42
20 100 42
17 101 42
18 101 42
19 101 42
20 101 42
21 101 42
16 102 42
17 102 42
18 102 42
19 102 42
20 102 42
21 102 42
17 103 42
18 103 42
19 103 42
20 103 42
17 104 42
18 104 42
19 104 42
20 104 42
19 105 42
57 45 43
57 46 43
58 46 43
58 47 43
51 48 43
52 48 43
53 48 43
54 48 43
55 48 43
56 48 43
58 48 43
52 49 43
53 49 43
54 49 43
55 49 43
56 49 43
57 49 43
58 49 43
53 50 43
54 50 43
55 50 43
56 50 43
57 50 43
58 50 43
59 50 43
52 51 43
53 51 43
54 51 43
55 51 43
56 51 43
57 51 43
58 51 43
59 51 43
50 52 43
51 52 43
52 52 43
53 52 43
54 52 43
55 52 43
56 52 43
57 52 43
50 53 43
51 53 43
52 53 43
53 53 43
54 53 43
55 53 43
56 53 43
57 53 43
51 54 43
52 54 43
53 54 43
54 54 43
55 54 43
56 54 43
57 54 43
50 55 43
53 55 43
54 55 43
55 55 43
56 55 43
57 55 43
52 56 43
53 56 43
54 56 43
55 56 43
56 56 43
57 56 43
58 56 43
52 57 43
53 57 43
54 57 43
55 57 43
56 57 43
57 57 43
58 57 43
59 57 43
52 58 43
53 58 43
54 58 43
55 58 43
56 58 43
57 58 43
58 58 43
53 59 43
54 59 43
55 59 43
56 59 43
58 59 43
53 60 43
54 60 43
55 60 43
56 60 43
57 60 43
23 91 43
24 91 43
22 92 43
23 92 43
24 92 43
25 92 43
21 93 43
22 93 43
23 93 43
24 93 43
25 93 43
21 94 43
22 94 43
23 94 43
24 94 43
25 94 43
26 94 43
21 95 43
22 95 43
23 95 43
24 95 43
25 95 43
21 96 43
22 96 43
23 96 43
24 96 43
21 97 43
22 97 43
23 97 43
24 97 43
22 98 43
23 98 43
24 98 43
23 99 43
17 101 43
18 101 43
19 101 43
16 102 43
17 102 43
18 102 43
19 102 43
20 102 43
17 103 43
18 103 43
19 103 43
20 103 43
17 104 43
18 104 43
19 104 43
20 104 43
51 48 44
52 48 44
53 48 44
54 48 44
56 48 44
54 49 44
55 49 44
56 49 44
57 49 44
53 50 44
54 50 44
55 50 44
56 50 44
58 50 44
54 51 44
55 51 44
56 51 44
57 51 44
58 51 44
53 52 44
54 52 44
55 52 44
56 52 44
51 53 44
52 53 44
53 53 44
54 53 44
55 53 44
56 53 44
51 54 44
52 54 44
53 54 44
54 54 44
55 54 44
56 54 44
52 55 44
53 55 44
54 55 44
55 55 44
56 55 44
57 55 44
54 56 44
55 56 44
56 56 44
57 56 44
59 56 44
54 57 44
55 57 44
56 57 44
59 57 44
52 58 44
53 58 44
54 58 44
55 58 44
56 58 44
54 59 44
55 59 44
54 60 44
55 60 44
57 60 44
54 61 44
55 61 44
57 61 44
58 61 44
24 92 44
23 93 44
24 93 44
25 93 44
21 94 44
22 94 44
23 94 44
24 94 44
25 94 44
21 95 44
22 95 44
23 95 44
24 95 44
25 95 44
21 96 44
22 96 44
23 96 44
24 96 44
21 97 44
22 97 44
23 97 44
24 97 44
22 98 44
23 98 44
24 98 44
17 101 44
18 101 44
19 101 44
17 102 44
18 102 44
19 102 44
20 102 44
16 103 44
17 103 44
18 103 44
19 103 44
20 103 44
18 104 44
19 104 44
56 48 45
57 48 45
56 54 45
53 55 45
54 55 45
55 55 45
56 55 45
53 56 45
54 56 45
55 56 45
56 56 45
51 57 45
54 57 45
55 57 45
56 57 45
58 57 45
52 58 45
53 58 45
54 58 45
55 58 45
58 58 45
53 59 45
54 59 45
55 59 45
53 60 45
54 60 45
55 60 45
53 61 45
54 61 45
23 94 45
24 94 45
22 95 45
23 95 45
24 95 45
22 96 45
23 96 45
22 97 45
23 97 45
18 101 45
17 102 45
18 102 45
19 102 45
18 103 45
54 47 46
55 47 46
52 48 46
53 48 46
54 48 46
55 48 46
56 48 46
53 55 46
54 55 46
54 56 46
55 56 46
56 56 46
54 57 46
55 57 46
56 57 46
52 58 46
53 58 46
54 58 46
55 58 46
58 58 46
52 59 46
53 59 46
54 59 46
55 59 46
53 60 46
54 60 46
55 60 46
53 48 47
51 58 47
52 58 47
53 58 47
54 58 47
55 58 47
52 59 47
53 59 47
54 59 47
55 59 47
53 60 47
54 60 47
55 60 47
56 60 47
54 61 47
55 61 47
56 61 47
54 58 48
53 59 48
54 59 48
55 59 48
53 60 48
54 60 48
55 60 48
53 61 48
54 61 48
53 57 49
54 58 49
55 58 49
54 59 49
55 59 49
53 60 49
54 60 49
55 60 49
52 58 50
53 58 50
54 58 50
55 58 50
50 59 50
51 59 50
53 59 50
55 59 50
56 59 50
51 60 50
53 60 50
53 61 50
52 57 51
54 57 51
50 58 51
51 58 51
52 58 51
53 58 51
54 58 51
50 59 51
51 59 51
53 59 51
54 59 51
55 59 51
51 60 51
52 60 51
54 60 51
52 61 51
53 61 51
52 56 52
52 57 52
52 58 52
53 58 52
54 58 52
55 58 52
51 59 52
52 59 52
53 59 52
54 59 52
55 59 52
51 60 52
52 60 52
53 60 52
54 60 52
55 60 52
53 61 52
54 62 52
56 57 53
53 58 53
54 58 53
53 59 53
54 59 53
55 59 53
53 60 53
54 60 53
54 59 54
55 59 54
